# sentence_label=How can I help you?
# timestamp=1764327488.7666578
# duration_sec=4.0
# sample_rate_hz=20
# total_samples=77
# format: FLEX: f1 f2 f3 f4 f5 | ACC: ax ay az | GYRO: gx gy gz | GDP=val
#
FLEX: 2559 2548 2353 2669 2384 | ACC: -9676 5872 11700 | GYRO: 564 270 -37 | GDP=626.390
FLEX: 2608 2529 2368 2610 2429 | ACC: -10152 5900 11652 | GYRO: 765 -322 -8 | GDP=830.044
FLEX: 2543 2670 2383 2704 2384 | ACC: -9648 5976 11576 | GYRO: 680 -370 -215 | GDP=803.446
FLEX: 2541 2556 2379 2536 2447 | ACC: -8860 5952 11656 | GYRO: 212 418 -237 | GDP=525.202
FLEX: 2593 2559 2383 2544 2385 | ACC: -8916 6068 11568 | GYRO: 412 4998 -3397 | GDP=6057.174
FLEX: 2535 2637 2372 2661 2390 | ACC: -9500 6432 11756 | GYRO: -531 7791 -4406 | GDP=8966.297
FLEX: 2551 2557 2355 2624 2449 | ACC: -9240 5856 10740 | GYRO: 3141 17759 -9731 | GDP=20492.445
FLEX: 2608 2559 2413 2622 2494 | ACC: -18152 5428 9536 | GYRO: 5032 20286 -4223 | GDP=21323.146
FLEX: 2602 2609 2439 2675 2466 | ACC: -20600 5896 7080 | GYRO: 3912 11507 1679 | GDP=12269.223
FLEX: 2617 2655 2469 2674 2558 | ACC: -19244 6308 3560 | GYRO: 389 13995 7578 | GDP=15919.719
FLEX: 2559 2705 2540 2715 2630 | ACC: -20256 6328 2868 | GYRO: -1050 14999 7002 | GDP=16586.154
FLEX: 2559 2749 2595 2758 2724 | ACC: -17620 6248 1092 | GYRO: -3012 6720 10632 | GDP=12933.289
FLEX: 2497 2749 2640 2816 2722 | ACC: -18084 5756 -176 | GYRO: -4652 4889 14572 | GDP=16058.849
FLEX: 2495 2750 2704 2797 2764 | ACC: -16384 5652 968 | GYRO: -9658 496 13693 | GDP=16763.687
FLEX: 2461 2791 2641 2833 2761 | ACC: -12700 6952 -304 | GYRO: -12363 344 15055 | GDP=19483.715
FLEX: 2434 2770 2640 2830 2779 | ACC: -10992 7088 2376 | GYRO: -12020 -3981 14967 | GDP=19604.588
FLEX: 2465 2783 2637 2815 2737 | ACC: -7432 8188 2332 | GYRO: -16010 -631 12950 | GDP=20601.475
FLEX: 2445 2763 2608 2825 2715 | ACC: -7028 7820 5120 | GYRO: -17773 -5062 10741 | GDP=21374.574
FLEX: 2423 2743 2554 2828 2741 | ACC: -3996 6796 7008 | GYRO: -19288 -5255 8368 | GDP=21671.766
FLEX: 2418 2775 2586 2819 2739 | ACC: -3836 6592 7976 | GYRO: -16691 -3556 6338 | GDP=18204.529
FLEX: 2418 2783 2559 2809 2733 | ACC: -4192 5488 10080 | GYRO: -15998 -131 4576 | GDP=16640.100
FLEX: 2396 2752 2559 2827 2716 | ACC: -5052 4772 10692 | GYRO: -15960 316 3200 | GDP=16280.708
FLEX: 2389 2765 2521 2800 2741 | ACC: -4356 3080 12600 | GYRO: -15128 3306 2546 | GDP=15692.933
FLEX: 2389 2766 2517 2832 2724 | ACC: -3820 2204 13696 | GYRO: -12833 6435 1609 | GDP=14445.899
FLEX: 2392 2741 2512 2789 2679 | ACC: -4328 1064 15344 | GYRO: -9670 5907 -480 | GDP=11341.603
FLEX: 2410 2769 2559 2787 2735 | ACC: -32768 -2684 32767 | GYRO: 2936 1383 5953 | GDP=6780.191
FLEX: 2386 2759 2553 2770 2711 | ACC: -4796 2084 15000 | GYRO: 3190 -3997 -1270 | GDP=5269.251
FLEX: 2381 2742 2517 2772 2698 | ACC: -13220 5416 16928 | GYRO: 5361 9736 -162 | GDP=11115.586
FLEX: 2368 2721 2546 2755 2681 | ACC: -13112 5972 15204 | GYRO: -513 -2872 689 | GDP=2997.711
FLEX: 2413 2718 2517 2822 2703 | ACC: -10548 4940 17388 | GYRO: 174 -5295 2304 | GDP=5777.172
FLEX: 2398 2758 2524 2771 2673 | ACC: -8684 4664 17292 | GYRO: 781 -5884 2870 | GDP=6593.051
FLEX: 2435 2739 2513 2737 2694 | ACC: -6408 4332 17132 | GYRO: 1397 -8015 3262 | GDP=8765.414
FLEX: 2399 2729 2512 2745 2687 | ACC: -2184 4784 15592 | GYRO: 71 -4818 1366 | GDP=5008.405
FLEX: 2375 2733 2501 2772 2725 | ACC: -1088 2580 16536 | GYRO: -1649 5020 121 | GDP=5285.285
FLEX: 2374 2714 2546 2797 2725 | ACC: -3716 2424 14852 | GYRO: 3684 6703 -762 | GDP=7686.528
FLEX: 2398 2757 2521 2756 2768 | ACC: -4012 2068 14176 | GYRO: 5815 9107 -2660 | GDP=11127.771
FLEX: 2384 2741 2528 2778 2666 | ACC: -5476 3600 10900 | GYRO: 6309 13075 -2232 | GDP=14688.122
FLEX: 2406 2752 2514 2787 2679 | ACC: -8528 3624 9776 | GYRO: 8007 13816 -2421 | GDP=16151.011
FLEX: 2399 2731 2503 2724 2715 | ACC: -6468 4116 8560 | GYRO: 6090 15357 -3663 | GDP=16921.676
FLEX: 2382 2774 2526 2800 2714 | ACC: -6320 1548 8916 | GYRO: 12257 18524 -3278 | GDP=22452.570
FLEX: 2363 2748 2529 2736 2676 | ACC: -12664 3800 1716 | GYRO: 13871 23834 -3997 | GDP=27864.678
FLEX: 2375 2736 2550 2768 2683 | ACC: -19296 5212 -2312 | GYRO: 12458 10921 -4932 | GDP=17285.678
FLEX: 2353 2742 2507 2797 2647 | ACC: -20744 6668 -3004 | GYRO: 7531 3105 -2726 | GDP=8589.998
FLEX: 2354 2747 2538 2773 2666 | ACC: -21808 7124 -352 | GYRO: 2367 -1080 63 | GDP=2602.510
FLEX: 2365 2722 2517 2786 2662 | ACC: -15508 6720 2808 | GYRO: 855 -2817 111 | GDP=2945.986
FLEX: 2363 2736 2519 2757 2722 | ACC: -16032 5732 5024 | GYRO: 1500 -3078 -766 | GDP=3508.681
FLEX: 2384 2736 2494 2758 2672 | ACC: -14928 5148 5404 | GYRO: 3461 -7559 -211 | GDP=8316.341
FLEX: 2382 2734 2538 2789 2704 | ACC: -16516 5816 5936 | GYRO: 5368 -6482 2834 | GDP=8880.501
FLEX: 2379 2727 2517 2755 2679 | ACC: -11980 5196 5500 | GYRO: 4169 -8513 533 | GDP=9493.988
FLEX: 2384 2750 2534 2784 2702 | ACC: -10980 6476 3528 | GYRO: 3895 -14157 -1579 | GDP=14767.699
FLEX: 2384 2749 2511 2752 2695 | ACC: -15036 5916 9020 | GYRO: 1489 -13354 -2204 | GDP=13616.315
FLEX: 2384 2758 2522 2782 2724 | ACC: -12948 6684 7360 | GYRO: 1834 -20204 -3368 | GDP=20564.740
FLEX: 2422 2747 2481 2757 2702 | ACC: -17296 6164 13172 | GYRO: 521 -19606 -2023 | GDP=19716.979
FLEX: 2385 2733 2487 2739 2725 | ACC: -5808 8008 4600 | GYRO: -620 -31705 -290 | GDP=31712.387
FLEX: 2381 2735 2494 2799 2703 | ACC: -14676 5528 18056 | GYRO: 477 -21960 3965 | GDP=22320.178
FLEX: 2393 2736 2520 2755 2752 | ACC: -2952 8280 6896 | GYRO: -4869 -32768 5379 | GDP=33561.625
FLEX: 2346 2751 2495 2743 2698 | ACC: -5752 7128 11512 | GYRO: -1599 -32768 10353 | GDP=34401.793
FLEX: 2371 2734 2527 2795 2743 | ACC: 2468 4672 13268 | GYRO: -5103 -32768 13182 | GDP=35686.797
FLEX: 2343 2757 2497 2751 2721 | ACC: 15232 1676 13928 | GYRO: -3560 -20543 10533 | GDP=23358.777
FLEX: 2375 2751 2522 2763 2713 | ACC: 16996 736 16068 | GYRO: 5455 264 1642 | GDP=5702.884
FLEX: 2375 2720 2494 2746 2704 | ACC: 19700 688 9096 | GYRO: 14423 32767 -14870 | GDP=38766.172
FLEX: 2365 2735 2509 2764 2715 | ACC: 6376 5824 -780 | GYRO: 8041 32767 -25709 | GDP=42418.000
FLEX: 2335 2758 2515 2759 2698 | ACC: -19900 3540 3052 | GYRO: -6452 32767 -17654 | GDP=37775.234
FLEX: 2319 2747 2530 2757 2736 | ACC: -20548 1684 9588 | GYRO: -1925 18466 -6428 | GDP=19647.340
FLEX: 2295 2738 2529 2754 2735 | ACC: -18536 3992 5524 | GYRO: 1764 -9981 -508 | GDP=10148.405
FLEX: 2297 2743 2533 2795 2705 | ACC: -24904 2580 11848 | GYRO: 4044 -32768 4487 | GDP=33320.098
FLEX: 2288 2725 2495 2738 2707 | ACC: -17016 1896 7744 | GYRO: 3880 -32768 14588 | GDP=36077.777
FLEX: 2432 2736 2551 2807 2729 | ACC: 4928 4064 4616 | GYRO: 5714 -32768 20705 | GDP=39180.207
FLEX: 2316 2709 2497 2739 2724 | ACC: 12872 3436 10260 | GYRO: -1536 -32768 16269 | GDP=36616.684
FLEX: 2330 2715 2496 2797 2775 | ACC: 23560 3096 9220 | GYRO: 1825 4448 2035 | GDP=5220.781
FLEX: 2305 2707 2512 2768 2692 | ACC: 18916 2096 12692 | GYRO: 6953 32767 -11153 | GDP=35304.531
FLEX: 2337 2713 2512 2771 2727 | ACC: 4048 6316 7224 | GYRO: 10374 32767 -20968 | GDP=40261.063
FLEX: 2294 2716 2494 2729 2685 | ACC: -14244 6608 6852 | GYRO: -2932 32767 -16302 | GDP=36715.504
FLEX: 2297 2724 2507 2786 2733 | ACC: -20476 4240 10900 | GYRO: -3097 24407 -7486 | GDP=25716.400
FLEX: 2297 2757 2510 2762 2702 | ACC: -17848 5184 7496 | GYRO: -2464 -2035 -4066 | GDP=5171.545
FLEX: 2301 2762 2559 2800 2731 | ACC: -17680 3232 10584 | GYRO: -3639 -22995 -346 | GDP=23283.730
FLEX: 2283 2717 2493 2759 2695 | ACC: -22284 3396 12364 | GYRO: 3529 -32768 8609 | GDP=34063.332
