# sentence_label=How are you?
# timestamp=1764326721.4310348
# duration_sec=4.0
# sample_rate_hz=20
# total_samples=76
# format: FLEX: f1 f2 f3 f4 f5 | ACC: ax ay az | GYRO: gx gy gz | GDP=val
#
FLEX: 2470 2798 2539 2827 2697 | ACC: -4436 11776 5080 | GYRO: 10935 1356 13893 | GDP=17732.129
FLEX: 2505 2842 2528 2741 2775 | ACC: -3348 12268 3412 | GYRO: 9676 3223 14376 | GDP=17626.176
FLEX: 2435 2811 2512 2861 2709 | ACC: -1992 12560 1992 | GYRO: 8349 -1678 17214 | GDP=19205.293
FLEX: 2448 2799 2544 2816 2747 | ACC: 1784 12928 -100 | GYRO: 5496 1539 17288 | GDP=18205.754
FLEX: 2471 2802 2525 2871 2688 | ACC: 3268 13052 1056 | GYRO: 1954 -459 15822 | GDP=15948.809
FLEX: 2448 2768 2559 2799 2758 | ACC: 5936 13240 868 | GYRO: 1520 2948 14334 | GDP=14712.738
FLEX: 2411 2796 2550 2879 2736 | ACC: 6088 13248 1696 | GYRO: -90 2797 13059 | GDP=13355.478
FLEX: 2434 2734 2544 2863 2736 | ACC: 7392 13040 2380 | GYRO: -20 3665 11841 | GDP=12395.237
FLEX: 2342 2736 2527 2744 2755 | ACC: 8572 12468 2804 | GYRO: 492 5831 10772 | GDP=12258.817
FLEX: 2357 2736 2359 2817 2725 | ACC: 8392 12864 3848 | GYRO: 243 7534 10334 | GDP=12791.081
FLEX: 2353 2796 2448 2771 2683 | ACC: 7792 12520 5600 | GYRO: 799 7392 10796 | GDP=13108.534
FLEX: 2353 2835 2520 2831 2722 | ACC: 13600 11848 3376 | GYRO: 2459 9708 8331 | GDP=13026.800
FLEX: 2411 2727 2543 2821 2711 | ACC: 30848 10644 -2028 | GYRO: -4785 5444 -2670 | GDP=7724.135
FLEX: 2346 2821 2539 2800 2695 | ACC: 4352 12868 8988 | GYRO: -1299 886 137 | GDP=1578.343
FLEX: 2315 2781 2544 2853 2734 | ACC: 11268 12128 6584 | GYRO: 935 1037 -454 | GDP=1468.234
FLEX: 2399 2746 2547 2896 2767 | ACC: 10504 11656 6260 | GYRO: 1452 -1427 617 | GDP=2127.281
FLEX: 2321 2790 2544 2817 2687 | ACC: 9596 12104 5144 | GYRO: 2096 -2230 156 | GDP=3064.385
FLEX: 2309 2783 2482 2783 2685 | ACC: 10928 11836 5520 | GYRO: 2184 -2270 633 | GDP=3213.012
FLEX: 2302 2754 2589 2800 2673 | ACC: 11976 12352 6628 | GYRO: 3241 -3825 631 | GDP=5053.006
FLEX: 2341 2768 2528 2831 2707 | ACC: 17252 13184 4916 | GYRO: 3616 1898 -4171 | GDP=5837.388
FLEX: 2337 2789 2496 2811 2698 | ACC: 10816 12332 8776 | GYRO: 5649 7142 -6831 | GDP=11383.406
FLEX: 2327 2744 2559 2803 2678 | ACC: 9236 14228 5208 | GYRO: 9674 7504 -8864 | GDP=15115.118
FLEX: 2345 2817 2410 2813 2687 | ACC: 6624 13320 3516 | GYRO: 11502 5701 -7097 | GDP=14668.497
FLEX: 2320 2811 2551 2822 2672 | ACC: 7348 13392 980 | GYRO: 10888 5849 -6832 | GDP=14122.166
FLEX: 2466 2763 2512 2829 2673 | ACC: 7692 13676 -1656 | GYRO: 7658 8057 -8025 | GDP=13709.881
FLEX: 2389 2831 2531 2792 2675 | ACC: 6156 14920 -2088 | GYRO: 2872 4300 -10697 | GDP=11881.254
FLEX: 2328 2759 2523 2810 2681 | ACC: 8120 12540 -2232 | GYRO: 2719 8537 -15299 | GDP=17729.432
FLEX: 2379 2794 2523 2837 2627 | ACC: 7068 11524 -772 | GYRO: -1256 7029 -13968 | GDP=15687.237
FLEX: 2371 2778 2508 2767 2667 | ACC: 5264 11524 -1904 | GYRO: -25 5358 -26267 | GDP=26807.910
FLEX: 2403 2752 2509 2795 2636 | ACC: 1868 8792 12 | GYRO: -5731 5088 -29121 | GDP=30112.535
FLEX: 2357 2769 2492 2785 2667 | ACC: -1560 12888 -3244 | GYRO: -8386 -6640 -32768 | GDP=34469.645
FLEX: 2400 2765 2541 2800 2699 | ACC: -2620 3056 8132 | GYRO: -19047 -9690 -32768 | GDP=39120.660
FLEX: 2368 2752 2531 2799 2653 | ACC: -15560 -2552 13852 | GYRO: -18008 -6742 -31102 | GDP=36566.063
FLEX: 2347 2778 2525 2803 2659 | ACC: -30512 -2612 16400 | GYRO: -2809 3701 -16685 | GDP=17319.848
FLEX: 2371 2773 2524 2768 2625 | ACC: -22752 2088 9568 | GYRO: 2701 -1493 -2632 | GDP=4056.091
FLEX: 2383 2768 2512 2771 2640 | ACC: -16952 5132 8240 | GYRO: 2875 -455 229 | GDP=2919.776
FLEX: 2383 2770 2515 2768 2646 | ACC: -14228 4344 8412 | GYRO: 1296 850 705 | GDP=1702.686
FLEX: 2414 2765 2505 2798 2660 | ACC: -15220 4352 8668 | GYRO: 2741 -753 1791 | GDP=3359.728
FLEX: 2413 2735 2508 2779 2672 | ACC: -16644 4184 6768 | GYRO: 3090 10334 9862 | GDP=14615.016
FLEX: 2442 2768 2531 2790 2643 | ACC: -21252 3968 7952 | GYRO: 4657 9425 14922 | GDP=18253.338
FLEX: 2478 2731 2591 2756 2607 | ACC: -19064 5752 6840 | GYRO: 3305 4572 23357 | GDP=24028.643
FLEX: 2507 2761 2602 2723 2623 | ACC: -16464 9076 7632 | GYRO: 444 -7899 30735 | GDP=31736.912
FLEX: 2544 2755 2559 2736 2583 | ACC: -9772 9636 7424 | GYRO: 9309 -5214 32754 | GDP=34448.043
FLEX: 2559 2697 2544 2782 2629 | ACC: -1908 10696 3540 | GYRO: 10984 -8301 29870 | GDP=32890.301
FLEX: 2590 2713 2559 2763 2607 | ACC: 3696 12896 852 | GYRO: 7021 -607 20832 | GDP=21991.705
FLEX: 2593 2731 2611 2759 2650 | ACC: 4104 13104 2824 | GYRO: 9988 6876 14788 | GDP=19123.924
FLEX: 2594 2697 2559 2752 2599 | ACC: 6744 15180 84 | GYRO: 10530 3750 9111 | GDP=14420.601
FLEX: 2658 2686 2646 2782 2639 | ACC: 7400 14552 -2168 | GYRO: 5960 3141 2869 | GDP=7322.475
FLEX: 2690 2653 2686 2771 2639 | ACC: 6064 15712 -2372 | GYRO: 1692 405 -2972 | GDP=3443.788
FLEX: 2793 2559 2738 2787 2657 | ACC: 6076 14228 -1628 | GYRO: -116 450 -6548 | GDP=6564.470
FLEX: 2814 2548 2753 2783 2643 | ACC: 4820 14408 -1144 | GYRO: -4129 -3511 -14677 | GDP=15645.770
FLEX: 2811 2519 2799 2760 2623 | ACC: 2460 15024 -408 | GYRO: -9867 -2573 -22804 | GDP=24980.000
FLEX: 2836 2411 2739 2711 2659 | ACC: -2008 13224 2568 | GYRO: -14130 -6024 -28259 | GDP=32163.900
FLEX: 2870 2402 2755 2759 2621 | ACC: -5520 7712 5944 | GYRO: -12627 -7308 -32768 | GDP=35869.066
FLEX: 2880 2406 2742 2768 2640 | ACC: -15304 2212 6076 | GYRO: -23691 6742 -32768 | GDP=40993.410
FLEX: 2908 2405 2770 2814 2627 | ACC: -31400 -1860 15568 | GYRO: -2197 1429 -6103 | GDP=6641.947
FLEX: 2886 2382 2704 2775 2627 | ACC: -13496 4676 5600 | GYRO: 4659 -12391 -584 | GDP=13250.819
FLEX: 2912 2407 2768 2773 2688 | ACC: -13888 7176 7844 | GYRO: -1007 3234 530 | GDP=3428.368
FLEX: 2879 2416 2747 2754 2640 | ACC: -12668 6544 8908 | GYRO: 1090 -2142 479 | GDP=2450.654
FLEX: 2896 2407 2751 2772 2628 | ACC: -12024 8124 7628 | GYRO: 1324 -1257 345 | GDP=1857.969
FLEX: 2880 2410 2749 2768 2620 | ACC: -12360 6872 8400 | GYRO: 868 -84 -612 | GDP=1065.375
FLEX: 2879 2416 2742 2763 2613 | ACC: -11800 7620 7272 | GYRO: 746 153 726 | GDP=1052.141
FLEX: 2858 2399 2753 2790 2628 | ACC: -12380 6792 7788 | GYRO: 699 -453 -913 | GDP=1235.872
FLEX: 2913 2417 2726 2796 2647 | ACC: -12048 7160 7308 | GYRO: 492 246 -15 | GDP=550.277
FLEX: 2885 2390 2726 2765 2653 | ACC: -12804 7080 8104 | GYRO: 413 -580 -467 | GDP=851.503
FLEX: 2880 2413 2720 2755 2635 | ACC: -12912 7120 8064 | GYRO: 547 287 166 | GDP=639.636
FLEX: 2889 2439 2704 2762 2640 | ACC: -12820 7036 8288 | GYRO: 728 -174 31 | GDP=749.147
FLEX: 2925 2409 2746 2780 2635 | ACC: -12540 7168 7976 | GYRO: 1223 -76 53 | GDP=1226.505
FLEX: 2868 2406 2709 2727 2627 | ACC: -12704 6748 8148 | GYRO: 485 -206 359 | GDP=637.606
FLEX: 2904 2385 2720 2737 2640 | ACC: -12472 7360 7700 | GYRO: 1196 -301 221 | GDP=1252.940
FLEX: 2895 2409 2695 2765 2608 | ACC: -12240 7000 8120 | GYRO: 579 -378 76 | GDP=695.630
FLEX: 2854 2416 2736 2769 2663 | ACC: -12288 7448 7636 | GYRO: 814 -440 106 | GDP=931.360
FLEX: 2877 2390 2708 2788 2625 | ACC: -12160 6756 8100 | GYRO: 210 590 74 | GDP=630.616
FLEX: 2897 2422 2724 2769 2637 | ACC: -12104 7028 7936 | GYRO: 915 -571 -42 | GDP=1079.366
FLEX: 2893 2415 2723 2775 2622 | ACC: -12392 7084 7788 | GYRO: 379 93 142 | GDP=415.276
FLEX: 2901 2379 2711 2743 2627 | ACC: -12224 6916 8192 | GYRO: 973 -467 -220 | GDP=1101.462
