# sentence_label=How are you?
# timestamp=1764326737.1197052
# duration_sec=4.0
# sample_rate_hz=20
# total_samples=76
# format: FLEX: f1 f2 f3 f4 f5 | ACC: ax ay az | GYRO: gx gy gz | GDP=val
#
FLEX: 2613 2666 2557 2800 2672 | ACC: -800 7164 16684 | GYRO: 1746 5479 -879 | GDP=5817.267
FLEX: 2608 2624 2539 2785 2655 | ACC: 60 10196 15840 | GYRO: 2895 11436 -2480 | GDP=12054.605
FLEX: 2603 2667 2535 2794 2685 | ACC: -5964 8636 21128 | GYRO: 7442 20957 -153 | GDP=22239.664
FLEX: 2544 2678 2473 2800 2640 | ACC: -12872 9540 21968 | GYRO: 18610 5712 4485 | GDP=19976.844
FLEX: 2523 2661 2539 2800 2687 | ACC: -6748 12000 12404 | GYRO: 18390 5863 6434 | GDP=20346.086
FLEX: 2495 2672 2502 2815 2699 | ACC: -5744 10656 11828 | GYRO: 15886 5581 8861 | GDP=19027.082
FLEX: 2471 2711 2519 2826 2711 | ACC: -3168 11420 7564 | GYRO: 16337 3844 10324 | GDP=19704.285
FLEX: 2469 2685 2448 2806 2704 | ACC: -3692 10944 6636 | GYRO: 13055 2421 10839 | GDP=17139.959
FLEX: 2446 2704 2460 2829 2724 | ACC: -3308 11340 5760 | GYRO: 10007 2670 11517 | GDP=15489.036
FLEX: 2415 2703 2432 2861 2634 | ACC: -2536 12004 4048 | GYRO: 9811 971 12360 | GDP=15810.382
FLEX: 2405 2700 2346 2803 2717 | ACC: -2496 11856 4128 | GYRO: 8327 1918 14251 | GDP=16616.518
FLEX: 2403 2689 2305 2818 2709 | ACC: -444 12120 2404 | GYRO: 9161 -121 15437 | GDP=17951.031
FLEX: 2416 2691 2305 2765 2741 | ACC: 1460 11792 2772 | GYRO: 5640 3502 16714 | GDP=17984.199
FLEX: 2375 2695 2291 2768 2675 | ACC: 3040 12908 1988 | GYRO: 5052 5403 17317 | GDP=18830.656
FLEX: 2373 2711 2256 2781 2707 | ACC: 2724 9576 5128 | GYRO: 412 7288 17510 | GDP=18970.631
FLEX: 2368 2736 2291 2778 2681 | ACC: 5512 12384 1760 | GYRO: 4884 7489 23129 | GDP=24796.959
FLEX: 2383 2687 2331 2782 2673 | ACC: 21800 7832 820 | GYRO: 3565 5229 15559 | GDP=16796.850
FLEX: 2401 2681 2301 2802 2723 | ACC: 29608 10084 -2832 | GYRO: 439 11127 4023 | GDP=11840.075
FLEX: 2384 2656 2288 2799 2696 | ACC: 10804 10036 10584 | GYRO: -4953 8144 -4757 | GDP=10652.980
FLEX: 2355 2694 2298 2773 2683 | ACC: 5324 13844 8344 | GYRO: 391 -300 423 | GDP=649.469
FLEX: 2298 2717 2273 2793 2709 | ACC: 15628 10408 1128 | GYRO: 904 -1320 -350 | GDP=1637.717
FLEX: 2336 2671 2272 2786 2671 | ACC: 8136 11004 4464 | GYRO: -175 2303 -119 | GDP=2312.703
FLEX: 2318 2707 2285 2831 2690 | ACC: 11392 11948 4112 | GYRO: -360 1215 -799 | GDP=1498.074
FLEX: 2323 2642 2262 2774 2663 | ACC: 11056 11520 6468 | GYRO: 543 1414 -732 | GDP=1682.281
FLEX: 2352 2699 2267 2783 2710 | ACC: 12912 12548 7992 | GYRO: 1865 -1450 -605 | GDP=2438.596
FLEX: 2319 2660 2271 2774 2683 | ACC: 17944 14176 8552 | GYRO: 6271 481 -4248 | GDP=7589.618
FLEX: 2357 2694 2290 2775 2677 | ACC: 11744 12676 9772 | GYRO: 11018 92 -5744 | GDP=12425.712
FLEX: 2333 2659 2286 2813 2669 | ACC: 9720 12904 2900 | GYRO: 15628 5712 -8960 | GDP=18898.225
FLEX: 2358 2704 2286 2799 2688 | ACC: 7904 12016 -1344 | GYRO: 15296 6712 -8998 | GDP=18973.207
FLEX: 2374 2670 2278 2770 2672 | ACC: 9168 11748 -4592 | GYRO: 12580 4614 -13085 | GDP=18728.658
FLEX: 2354 2688 2306 2736 2655 | ACC: 9560 11064 -5536 | GYRO: 7735 8586 -16424 | GDP=20082.266
FLEX: 2375 2683 2261 2800 2631 | ACC: 8620 11196 -7644 | GYRO: -425 4953 -17633 | GDP=18320.357
FLEX: 2372 2691 2302 2775 2685 | ACC: 5276 11128 -3008 | GYRO: -3278 1429 -24958 | GDP=25212.875
FLEX: 2339 2676 2304 2816 2622 | ACC: 4648 8340 -276 | GYRO: -8877 -712 -24892 | GDP=26437.090
FLEX: 2378 2662 2293 2739 2687 | ACC: 1412 9444 -128 | GYRO: -12331 -3059 -32768 | GDP=35144.742
FLEX: 2362 2683 2277 2783 2641 | ACC: -228 2132 7124 | GYRO: -13207 -2655 -32768 | GDP=35429.023
FLEX: 2351 2684 2300 2791 2642 | ACC: -8228 11704 -512 | GYRO: -22208 -16663 -32768 | GDP=42948.723
FLEX: 2343 2686 2273 2759 2652 | ACC: -26892 -13132 25156 | GYRO: -18394 11611 -32768 | GDP=39330.605
FLEX: 2358 2713 2288 2778 2627 | ACC: -28692 -2784 15824 | GYRO: 1159 -11658 -8437 | GDP=14437.285
FLEX: 2334 2672 2311 2763 2659 | ACC: -23112 2056 12108 | GYRO: 1479 3072 -2248 | GDP=4083.886
FLEX: 2358 2672 2320 2771 2608 | ACC: -16460 4312 9080 | GYRO: 2024 641 4467 | GDP=4945.861
FLEX: 2347 2660 2285 2768 2641 | ACC: -12872 5084 8500 | GYRO: 3046 -416 1942 | GDP=3636.281
FLEX: 2371 2719 2304 2783 2637 | ACC: -13092 3716 9136 | GYRO: 690 2067 2435 | GDP=3267.692
FLEX: 2387 2672 2316 2800 2626 | ACC: -14996 3236 10476 | GYRO: 3447 396 2939 | GDP=4547.125
FLEX: 2416 2718 2438 2784 2665 | ACC: -18500 6048 5300 | GYRO: 3387 12546 14347 | GDP=19357.436
FLEX: 2446 2672 2523 2815 2671 | ACC: -22276 5108 11320 | GYRO: 5259 3979 15298 | GDP=16658.881
FLEX: 2464 2677 2534 2786 2642 | ACC: -17996 6936 8372 | GYRO: 4747 2391 31631 | GDP=32074.461
FLEX: 2497 2673 2541 2758 2663 | ACC: -13648 10628 8616 | GYRO: 8507 -7204 32711 | GDP=34558.301
FLEX: 2559 2688 2614 2800 2626 | ACC: -2640 8588 3948 | GYRO: 11692 0 29276 | GDP=31524.387
FLEX: 2595 2698 2615 2768 2618 | ACC: 760 13104 1672 | GYRO: 12044 -2646 20614 | GDP=24020.746
FLEX: 2648 2796 2605 2789 2629 | ACC: 5176 12444 24 | GYRO: 14581 8199 15455 | GDP=22774.684
FLEX: 2670 2737 2663 2768 2624 | ACC: 6444 15576 -3032 | GYRO: 6053 -2280 7018 | GDP=9544.084
FLEX: 2755 2723 2733 2777 2634 | ACC: 6576 14232 -2680 | GYRO: 575 5857 4500 | GDP=7408.446
FLEX: 2768 2650 2751 2767 2611 | ACC: 4528 14348 -512 | GYRO: -567 -1507 -5809 | GDP=6028.020
FLEX: 2834 2680 2766 2777 2633 | ACC: 3456 13992 -1480 | GYRO: -3209 2743 -9770 | GDP=10643.056
FLEX: 2855 2593 2755 2755 2667 | ACC: -528 13964 1564 | GYRO: -9121 -2300 -17363 | GDP=19747.314
FLEX: 2810 2447 2773 2758 2626 | ACC: -672 14640 -116 | GYRO: -19902 -523 -24796 | GDP=31799.445
FLEX: 2901 2473 2784 2764 2559 | ACC: -6016 4108 10232 | GYRO: -18816 4385 -32768 | GDP=38039.609
FLEX: 2874 2443 2806 2762 2624 | ACC: -15852 5128 5636 | GYRO: -20377 5363 -32768 | GDP=38958.000
FLEX: 2896 2424 2763 2762 2614 | ACC: -27880 -4388 13788 | GYRO: -9719 6291 -12464 | GDP=17011.377
FLEX: 2891 2414 2763 2749 2643 | ACC: -18780 824 10572 | GYRO: 7882 -13806 -602 | GDP=15908.927
FLEX: 2881 2469 2686 2736 2615 | ACC: -11904 6576 7052 | GYRO: 1394 473 2592 | GDP=2980.844
FLEX: 2905 2463 2763 2749 2610 | ACC: -13852 5208 10720 | GYRO: 645 1586 410 | GDP=1760.546
FLEX: 2882 2502 2787 2729 2622 | ACC: -11068 6192 7672 | GYRO: 1483 -1502 748 | GDP=2239.374
FLEX: 2927 2369 2752 2522 2619 | ACC: -13044 5696 9296 | GYRO: 397 -577 210 | GDP=731.189
FLEX: 2851 2437 2734 2759 2621 | ACC: -11680 5544 8476 | GYRO: 1498 -373 84 | GDP=1546.024
FLEX: 2885 2465 2755 2768 2629 | ACC: -12632 5320 8500 | GYRO: 923 673 -203 | GDP=1160.201
FLEX: 2905 2412 2679 2722 2613 | ACC: -12340 6000 8088 | GYRO: 1122 434 91 | GDP=1206.450
FLEX: 2902 2422 2720 2744 2608 | ACC: -12952 5620 8668 | GYRO: 452 517 -18 | GDP=686.962
FLEX: 2902 2463 2791 2767 2655 | ACC: -12632 5748 8416 | GYRO: 918 1 -95 | GDP=922.903
FLEX: 2914 2426 2756 2721 2588 | ACC: -13064 5980 8556 | GYRO: 680 -537 137 | GDP=877.233
FLEX: 2915 2384 2687 2781 2646 | ACC: -13028 6012 8536 | GYRO: 569 642 85 | GDP=862.061
FLEX: 2832 2435 2736 2805 2626 | ACC: -12756 5460 8440 | GYRO: 633 292 260 | GDP=744.011
FLEX: 2816 2439 2741 2595 2559 | ACC: -12944 5912 8420 | GYRO: 951 -315 -37 | GDP=1002.494
FLEX: 2927 2427 2672 2800 2661 | ACC: -12660 5992 8216 | GYRO: 54 509 681 | GDP=851.914
FLEX: 2896 2396 2697 2827 2604 | ACC: -12656 5756 8408 | GYRO: 1102 -1076 80 | GDP=1542.265
