# sentence_label=Do you want help?
# timestamp=1764407316.8636274
# duration_sec=4.0
# sample_rate_hz=20
# total_samples=76
# format: FLEX: f1 f2 f3 f4 f5 | ACC: ax ay az | GYRO: gx gy gz | GDP=val
#
FLEX: 2633 2685 2614 2779 2595 | ACC: -9484 9972 21032 | GYRO: 6485 19592 2698 | GDP=20812.998
FLEX: 2640 2677 2647 2758 2599 | ACC: -12048 9704 22156 | GYRO: 19187 12432 10728 | GDP=25254.418
FLEX: 2624 2709 2642 2779 2646 | ACC: -7884 12144 14548 | GYRO: 22188 10290 15795 | GDP=29114.832
FLEX: 2608 2694 2645 2782 2667 | ACC: -5644 10752 11136 | GYRO: 25533 12480 21652 | GDP=35728.051
FLEX: 2611 2699 2656 2833 2677 | ACC: -876 11792 3996 | GYRO: 24056 7976 22800 | GDP=34090.289
FLEX: 2616 2689 2687 2785 2661 | ACC: 4104 11236 144 | GYRO: 21197 10488 21929 | GDP=32252.008
FLEX: 2619 2697 2702 2800 2704 | ACC: 6500 11792 -2108 | GYRO: 19203 7779 18520 | GDP=27789.539
FLEX: 2647 2698 2675 2812 2677 | ACC: 11112 10928 -5104 | GYRO: 16364 8298 12891 | GDP=22423.541
FLEX: 2661 2718 2709 2800 2686 | ACC: 13008 10988 -7436 | GYRO: 12269 13742 5474 | GDP=19218.105
FLEX: 2682 2703 2742 2785 2662 | ACC: 12656 11692 -8520 | GYRO: 5189 7846 -2557 | GDP=9748.010
FLEX: 2717 2669 2703 2808 2645 | ACC: 13528 11112 -8952 | GYRO: -1936 10424 -8017 | GDP=13292.109
FLEX: 2736 2608 2736 2774 2639 | ACC: 10056 10584 -5532 | GYRO: -9867 7948 -16186 | GDP=20555.170
FLEX: 2768 2544 2769 2795 2649 | ACC: 7784 10396 -2840 | GYRO: -8904 -1998 -21356 | GDP=23223.951
FLEX: 2774 2512 2738 2768 2666 | ACC: 9308 10968 -3776 | GYRO: -27990 -5957 -30813 | GDP=42051.957
FLEX: 2785 2524 2768 2784 2635 | ACC: 7052 1480 6464 | GYRO: -26046 -9487 -32768 | GDP=42920.148
FLEX: 2795 2473 2768 2761 2623 | ACC: -1948 -4588 7776 | GYRO: -32768 441 -32768 | GDP=46343.051
FLEX: 2800 2510 2752 2765 2642 | ACC: -32768 -17264 23308 | GYRO: -18237 19809 -32768 | GDP=42411.395
FLEX: 2775 2507 2750 2748 2597 | ACC: -29088 -6064 14020 | GYRO: 8439 -15763 4144 | GDP=18353.791
FLEX: 2774 2493 2735 2791 2624 | ACC: -13552 3140 5736 | GYRO: 3181 2072 6727 | GDP=7724.278
FLEX: 2781 2461 2701 2731 2617 | ACC: -14752 3404 8520 | GYRO: -1424 3955 6040 | GDP=7358.764
FLEX: 2752 2495 2715 2777 2602 | ACC: -13792 3024 8264 | GYRO: -1660 1232 8100 | GDP=8359.631
FLEX: 2734 2478 2719 2757 2604 | ACC: -13328 2956 9164 | GYRO: -2122 1257 8203 | GDP=8565.754
FLEX: 2735 2479 2704 2789 2641 | ACC: -12932 4864 7588 | GYRO: 55 -450 10667 | GDP=10676.630
FLEX: 2704 2499 2678 2747 2633 | ACC: -12484 6776 5696 | GYRO: -6382 -10 12429 | GDP=13971.760
FLEX: 2695 2494 2676 2791 2623 | ACC: -11084 4288 7824 | GYRO: -7671 -1718 10363 | GDP=13007.211
FLEX: 2673 2478 2663 2757 2544 | ACC: -15484 8808 10124 | GYRO: -2087 -69 12455 | GDP=12628.830
FLEX: 2675 2519 2688 2777 2611 | ACC: -12176 9964 10952 | GYRO: -1831 -5355 17967 | GDP=18837.242
FLEX: 2651 2517 2671 2783 2599 | ACC: -6308 12528 13564 | GYRO: 6145 -8612 14023 | GDP=17566.221
FLEX: 2650 2519 2654 2754 2606 | ACC: 1292 12844 10264 | GYRO: 8231 8056 12542 | GDP=17027.926
FLEX: 2669 2544 2629 2736 2606 | ACC: 52 14356 9016 | GYRO: 13802 15222 5066 | GDP=21162.912
FLEX: 2669 2559 2610 2743 2622 | ACC: -2408 14928 5204 | GYRO: 11973 19352 991 | GDP=22777.943
FLEX: 2641 2607 2559 2761 2614 | ACC: -6816 14160 3208 | GYRO: 8297 6953 -4218 | GDP=11617.914
FLEX: 2671 2599 2559 2763 2639 | ACC: -12184 12808 -1044 | GYRO: 3 -2275 2401 | GDP=3307.633
FLEX: 2638 2672 2624 2743 2608 | ACC: -14440 12424 -4068 | GYRO: -2625 12203 9145 | GDP=15473.683
FLEX: 2640 2722 2558 2725 2650 | ACC: -7896 14676 -5880 | GYRO: -20739 4559 15591 | GDP=26343.307
FLEX: 2617 2710 2626 2753 2666 | ACC: -5504 11684 -484 | GYRO: -31780 4226 15980 | GDP=35821.613
FLEX: 2614 2671 2676 2790 2690 | ACC: 628 7972 5888 | GYRO: -32768 -54 13113 | GDP=35294.410
FLEX: 2642 2703 2707 2812 2751 | ACC: -232 -60 14256 | GYRO: -32768 3239 4245 | GDP=33200.195
FLEX: 2647 2677 2734 2828 2711 | ACC: -1580 -3768 21576 | GYRO: -22824 3425 -2834 | GDP=23252.896
FLEX: 2707 2640 2715 2837 2659 | ACC: -9984 -13148 32767 | GYRO: 27491 2040 1606 | GDP=27613.328
FLEX: 2705 2645 2715 2846 2747 | ACC: -4680 -692 10364 | GYRO: 32767 -32246 -14082 | GDP=48081.012
FLEX: 2704 2672 2717 2828 2741 | ACC: -17440 11216 4908 | GYRO: 32767 -29114 -24937 | GDP=50429.707
FLEX: 2723 2687 2708 2842 2629 | ACC: -6148 22968 4032 | GYRO: 28100 -12231 -12551 | GDP=33116.988
FLEX: 2739 2671 2695 2829 2726 | ACC: -2340 23528 3168 | GYRO: -7458 10483 5881 | GDP=14145.714
FLEX: 2816 2682 2703 2871 2758 | ACC: -3628 19692 8052 | GYRO: -32768 17753 18981 | GDP=41823.309
FLEX: 2726 2666 2687 2811 2819 | ACC: 1408 1756 11496 | GYRO: -32768 21442 14973 | GDP=41924.836
FLEX: 2681 2673 2721 2846 2793 | ACC: -5532 884 15224 | GYRO: -14631 19755 6583 | GDP=25449.205
FLEX: 2688 2656 2665 2810 2737 | ACC: -11264 -768 16728 | GYRO: 27406 5935 -7145 | GDP=28937.244
FLEX: 2720 2672 2689 2830 2711 | ACC: -17960 -3704 8768 | GYRO: 32767 -32768 -16136 | GDP=49069.223
FLEX: 2773 2655 2691 2800 2667 | ACC: 6124 21760 3808 | GYRO: 17213 -32768 -296 | GDP=37015.090
FLEX: 2721 2663 2672 2818 2693 | ACC: 232 12504 6472 | GYRO: 6138 18517 -10533 | GDP=22169.764
FLEX: 2701 2657 2657 2767 2671 | ACC: -1084 16632 8904 | GYRO: -114 14490 -3281 | GDP=14857.256
FLEX: 2682 2690 2651 2817 2688 | ACC: -4272 5704 17112 | GYRO: 7662 32767 -4276 | GDP=33921.480
FLEX: 2662 2736 2649 2784 2659 | ACC: -7460 16468 11044 | GYRO: 20079 23538 -6448 | GDP=31603.488
FLEX: 2708 2730 2559 2787 2675 | ACC: -10212 15068 6020 | GYRO: 20647 26991 -7378 | GDP=34774.238
FLEX: 2640 2638 2519 2724 2582 | ACC: -8148 14076 -3532 | GYRO: 24322 27431 -7802 | GDP=37481.871
FLEX: 2630 2670 2425 2673 2546 | ACC: -12996 14544 -8968 | GYRO: 14726 24617 -2353 | GDP=28781.738
FLEX: 2623 2645 2384 2658 2497 | ACC: -11404 8228 -12860 | GYRO: 10958 7160 2289 | GDP=13288.449
FLEX: 2595 2686 2367 2640 2512 | ACC: -12624 3416 -16792 | GYRO: 972 9704 6160 | GDP=11535.077
FLEX: 2626 2704 2418 2615 2433 | ACC: -8672 3744 -12776 | GYRO: -4913 -6507 11031 | GDP=13717.200
FLEX: 2630 2702 2449 2658 2505 | ACC: -4728 2200 -10296 | GYRO: -11323 -5910 8795 | GDP=15507.755
FLEX: 2624 2704 2463 2684 2547 | ACC: -3492 3104 -6512 | GYRO: -11302 -4456 7369 | GDP=14208.916
FLEX: 2623 2704 2517 2691 2559 | ACC: 2288 8968 -4092 | GYRO: -8805 1820 1766 | GDP=9162.925
FLEX: 2631 2704 2494 2691 2640 | ACC: -1368 23864 260 | GYRO: -420 -2671 -5782 | GDP=6382.959
FLEX: 2614 2715 2514 2685 2708 | ACC: -4600 26104 -108 | GYRO: 1670 -3140 -9739 | GDP=10368.058
FLEX: 2663 2724 2521 2701 2643 | ACC: -18076 22404 -4924 | GYRO: 7748 2101 -9717 | GDP=12604.197
FLEX: 2596 2718 2551 2739 2613 | ACC: -27832 19888 -12436 | GYRO: -3107 -12073 6966 | GDP=14280.614
FLEX: 2599 2703 2592 2724 2615 | ACC: -20696 13400 -6024 | GYRO: -10317 -30819 19982 | GDP=38151.430
FLEX: 2588 2654 2595 2764 2650 | ACC: -11268 10124 -4040 | GYRO: -4501 -32768 32767 | GDP=46558.320
FLEX: 2623 2672 2623 2737 2637 | ACC: -1392 7612 -1464 | GYRO: 3904 -31980 32767 | GDP=45952.563
FLEX: 2640 2666 2645 2758 2667 | ACC: 11396 8388 -6280 | GYRO: 6444 -30910 31104 | GDP=44321.688
FLEX: 2629 2672 2496 2787 2681 | ACC: 17732 8196 -6916 | GYRO: 9199 -13191 16585 | GDP=23101.652
FLEX: 2559 2608 2627 2704 2583 | ACC: 17912 10032 -9164 | GYRO: 7386 -7131 3130 | GDP=10733.176
FLEX: 2611 2596 2667 2775 2702 | ACC: 15348 9460 -8144 | GYRO: 2023 -359 -9105 | GDP=9333.939
FLEX: 2630 2583 2673 2723 2695 | ACC: 11976 10204 -6224 | GYRO: -3427 -2761 -22637 | GDP=23060.816
FLEX: 2678 2526 2687 2762 2763 | ACC: 7304 11772 -6152 | GYRO: -13478 2491 -32768 | GDP=35519.055
