# sentence_label=Are you hearing?
# timestamp=1764406897.5725365
# duration_sec=4.0
# sample_rate_hz=20
# total_samples=76
# format: FLEX: f1 f2 f3 f4 f5 | ACC: ax ay az | GYRO: gx gy gz | GDP=val
#
FLEX: 2651 2677 2559 2751 2638 | ACC: -3068 12916 13572 | GYRO: 5319 428 2301 | GDP=5811.157
FLEX: 2662 2704 2604 2714 2660 | ACC: -5244 14336 14688 | GYRO: 7061 -2811 2686 | GDP=8060.647
FLEX: 2640 2694 2624 2775 2627 | ACC: -1592 13368 13396 | GYRO: 13663 -1217 6647 | GDP=15242.745
FLEX: 2636 2678 2651 2896 2667 | ACC: -2648 14152 11340 | GYRO: 13342 900 5007 | GDP=14278.971
FLEX: 2634 2691 2625 2775 2711 | ACC: -1784 14116 8136 | GYRO: 14625 976 5952 | GDP=15819.908
FLEX: 2651 2707 2657 2862 2704 | ACC: -708 13700 5004 | GYRO: 11094 508 6746 | GDP=12993.976
FLEX: 2672 2672 2654 2783 2725 | ACC: -808 12900 5332 | GYRO: 8368 1287 6169 | GDP=10475.512
FLEX: 2681 2681 2641 2800 2721 | ACC: -2172 13492 5472 | GYRO: 5115 3308 7070 | GDP=9332.256
FLEX: 2698 2689 2707 2816 2683 | ACC: -2760 12944 8040 | GYRO: 6531 3276 10486 | GDP=12780.545
FLEX: 2688 2710 2678 2811 2742 | ACC: 388 15056 4712 | GYRO: 5701 3325 14489 | GDP=15921.311
FLEX: 2624 2682 2640 2725 2718 | ACC: 5980 14564 4356 | GYRO: 8487 937 13528 | GDP=15997.310
FLEX: 2609 2736 2628 2677 2736 | ACC: 9084 13576 1864 | GYRO: 16779 4235 9917 | GDP=19945.350
FLEX: 2602 2672 2662 2749 2681 | ACC: 14444 11112 -3316 | GYRO: 16032 4429 928 | GDP=16658.398
FLEX: 2656 2615 2634 2754 2641 | ACC: 14408 13768 -10652 | GYRO: 4897 -8057 -18736 | GDP=20974.594
FLEX: 2635 2587 2656 2781 2635 | ACC: 9576 13368 -8876 | GYRO: -7924 200 -21824 | GDP=23218.887
FLEX: 2647 2515 2652 2736 2606 | ACC: 6284 11044 -4072 | GYRO: -21694 4806 -29384 | GDP=36839.473
FLEX: 2662 2507 2645 2751 2653 | ACC: -2212 9880 4020 | GYRO: -19710 -1389 -32768 | GDP=38264.281
FLEX: 2703 2501 2680 2766 2602 | ACC: -904 11772 3880 | GYRO: -32768 -3872 -32768 | GDP=46502.430
FLEX: 2672 2507 2690 2820 2639 | ACC: -23328 -4484 17636 | GYRO: -24295 20867 -32768 | GDP=45819.434
FLEX: 2670 2501 2668 2754 2634 | ACC: -22744 -3296 14016 | GYRO: 5140 -16090 -6845 | GDP=18225.305
FLEX: 2705 2463 2659 2752 2651 | ACC: -18324 4184 8928 | GYRO: 1185 2293 2271 | GDP=3437.952
FLEX: 2695 2490 2654 2765 2631 | ACC: -12960 6840 8732 | GYRO: 4003 -3380 3535 | GDP=6320.177
FLEX: 2720 2497 2690 2743 2641 | ACC: -9820 9600 6784 | GYRO: 2727 -1665 3865 | GDP=5014.676
FLEX: 2715 2512 2694 2789 2624 | ACC: -10712 6900 9516 | GYRO: -239 2206 2407 | GDP=3273.714
FLEX: 2719 2505 2662 2760 2640 | ACC: -11424 8100 8820 | GYRO: 840 -2844 2584 | GDP=3933.318
FLEX: 2699 2477 2624 2745 2625 | ACC: -11748 7600 9172 | GYRO: -1695 1042 4497 | GDP=4917.499
FLEX: 2736 2481 2640 2782 2619 | ACC: -13432 8500 9032 | GYRO: -6300 -4900 6303 | GDP=10169.946
FLEX: 2681 2479 2667 2749 2634 | ACC: -10104 7372 5080 | GYRO: -21998 -6625 15490 | GDP=27708.170
FLEX: 2614 2479 2623 2777 2623 | ACC: -16536 3564 9988 | GYRO: -31388 2316 27476 | GDP=41779.191
FLEX: 2659 2512 2559 2743 2608 | ACC: -24624 1776 17388 | GYRO: -25867 2192 32767 | GDP=41804.102
FLEX: 2653 2493 2593 2756 2642 | ACC: -5036 1852 18168 | GYRO: -13095 -5004 32767 | GDP=35639.801
FLEX: 2636 2485 2647 2739 2618 | ACC: 14416 1408 25792 | GYRO: 13508 19833 32767 | GDP=40613.918
FLEX: 2625 2464 2615 2744 2647 | ACC: 13468 2840 21400 | GYRO: 28817 11340 8190 | GDP=32032.658
FLEX: 2635 2481 2610 2750 2672 | ACC: 14648 5580 6276 | GYRO: 32767 -802 -16317 | GDP=36613.711
FLEX: 2634 2467 2639 2805 2656 | ACC: -1496 9764 -4896 | GYRO: 5178 -564 -29627 | GDP=30081.371
FLEX: 2672 2480 2672 2752 2672 | ACC: -25052 5248 -5204 | GYRO: -30408 -17879 -27127 | GDP=44499.207
FLEX: 2625 2454 2631 2767 2703 | ACC: -32768 216 10272 | GYRO: -32768 -19584 5271 | GDP=38536.453
FLEX: 2629 2477 2592 2684 2706 | ACC: -16852 -3752 30404 | GYRO: -25901 -19235 32510 | GDP=45801.172
FLEX: 2659 2454 2627 2789 2620 | ACC: 8760 -6612 32767 | GYRO: 21256 19975 28327 | GDP=40660.020
FLEX: 2608 2490 2600 2765 2655 | ACC: 14764 -4296 23020 | GYRO: 32767 713 12449 | GDP=35059.410
FLEX: 2621 2479 2592 2741 2672 | ACC: 16612 2616 4008 | GYRO: 32767 3037 -11098 | GDP=34728.449
FLEX: 2623 2496 2639 2742 2640 | ACC: 1512 6920 -8384 | GYRO: 22131 -2526 -32768 | GDP=39622.008
FLEX: 2602 2477 2612 2763 2673 | ACC: -10668 5868 -8952 | GYRO: -12919 -13697 -30923 | GDP=36204.148
FLEX: 2603 2473 2624 2747 2672 | ACC: -29188 4408 2460 | GYRO: -32768 -14043 -15907 | GDP=39038.191
FLEX: 2634 2501 2585 2750 2627 | ACC: -26016 -1520 20564 | GYRO: -24894 -17257 10645 | GDP=32106.562
FLEX: 2614 2528 2644 2750 2633 | ACC: -11792 -400 25324 | GYRO: 2529 -21131 13906 | GDP=25422.271
FLEX: 2559 2534 2593 2725 2641 | ACC: -10548 3620 23540 | GYRO: 17123 -2410 17852 | GDP=24853.555
FLEX: 2611 2649 2666 2739 2649 | ACC: -5660 6888 16036 | GYRO: 21340 -18424 20103 | GDP=34626.145
FLEX: 2623 2713 2639 2742 2622 | ACC: 796 8420 12932 | GYRO: 18881 -10454 19122 | GDP=28834.514
FLEX: 2615 2747 2650 2743 2625 | ACC: 6452 10304 7640 | GYRO: 21306 -18723 16435 | GDP=32781.176
FLEX: 2658 2741 2640 2753 2621 | ACC: 10084 11592 6544 | GYRO: 18283 -13187 13229 | GDP=26137.551
FLEX: 2687 2747 2641 2779 2654 | ACC: 11008 10724 4816 | GYRO: 14335 -15081 6676 | GDP=21851.723
FLEX: 2688 2742 2601 2759 2677 | ACC: 10660 11528 3556 | GYRO: 15962 -12203 3307 | GDP=20362.586
FLEX: 2682 2735 2618 2717 2655 | ACC: 11608 12164 1564 | GYRO: 16192 -12793 -1602 | GDP=20698.021
FLEX: 2640 2718 2611 2737 2658 | ACC: 11896 12904 -1028 | GYRO: 14157 -637 -7800 | GDP=16176.106
FLEX: 2640 2704 2623 2743 2610 | ACC: 9084 13580 -1860 | GYRO: 6619 -6272 -12318 | GDP=15325.869
FLEX: 2629 2631 2610 2705 2615 | ACC: 13764 11104 -5300 | GYRO: 2816 -6466 -22079 | GDP=23178.033
FLEX: 2640 2559 2612 2744 2646 | ACC: 7536 13256 -4372 | GYRO: -11680 -4129 -32768 | GDP=35031.598
FLEX: 2655 2484 2651 2734 2614 | ACC: 5688 7548 584 | GYRO: -28184 -7571 -32768 | GDP=43879.379
FLEX: 2722 2448 2638 2771 2645 | ACC: -14488 3652 7988 | GYRO: -32503 2134 -32768 | GDP=46203.254
FLEX: 2608 2514 2687 2704 2598 | ACC: -27176 -8104 15556 | GYRO: -10687 14683 -17293 | GDP=25076.889
FLEX: 2720 2496 2694 2746 2624 | ACC: -19524 2652 8040 | GYRO: 7976 -13448 -1346 | GDP=15693.215
FLEX: 2783 2518 2689 2752 2646 | ACC: -14832 3692 6356 | GYRO: -362 262 -19 | GDP=447.268
FLEX: 2779 2539 2691 2698 2621 | ACC: -13556 6492 6992 | GYRO: 2145 -4747 1437 | GDP=5403.703
FLEX: 2765 2540 2638 2731 2650 | ACC: -10156 6896 6504 | GYRO: -961 334 216 | GDP=1040.064
FLEX: 2730 2486 2651 2736 2647 | ACC: -12988 6264 8952 | GYRO: 362 -1692 -601 | GDP=1831.696
FLEX: 2752 2487 2647 2747 2627 | ACC: -11672 6740 7692 | GYRO: 191 -148 -173 | GDP=297.177
FLEX: 2741 2497 2589 2759 2640 | ACC: -13576 6620 8712 | GYRO: 668 27 -371 | GDP=764.587
FLEX: 2752 2499 2634 2763 2637 | ACC: -12680 7036 7800 | GYRO: 760 143 -24 | GDP=773.709
FLEX: 2736 2501 2605 2723 2610 | ACC: -12876 6600 8236 | GYRO: 859 -378 -297 | GDP=984.365
FLEX: 2769 2480 2640 2752 2626 | ACC: -12364 7028 7644 | GYRO: 1215 -689 -39 | GDP=1397.307
FLEX: 2769 2486 2668 2759 2623 | ACC: -12892 6584 8096 | GYRO: 275 -289 -90 | GDP=408.957
FLEX: 2749 2496 2638 2770 2626 | ACC: -12296 6680 7536 | GYRO: 787 -702 35 | GDP=1055.177
FLEX: 2746 2481 2636 2739 2605 | ACC: -12708 6540 7624 | GYRO: 262 416 -187 | GDP=525.993
FLEX: 2750 2497 2640 2771 2631 | ACC: -12564 6608 7736 | GYRO: 483 -874 1 | GDP=998.582
FLEX: 2762 2496 2629 2746 2605 | ACC: -12592 6652 8292 | GYRO: 345 160 -158 | GDP=411.812
