# sentence_label=Are you hearing?
# timestamp=1764406928.4074078
# duration_sec=4.0
# sample_rate_hz=20
# total_samples=76
# format: FLEX: f1 f2 f3 f4 f5 | ACC: ax ay az | GYRO: gx gy gz | GDP=val
#
FLEX: 2688 2653 2559 2768 2655 | ACC: 716 9320 15676 | GYRO: -2322 1388 418 | GDP=2737.326
FLEX: 2636 2672 2559 2772 2647 | ACC: -3400 5900 20688 | GYRO: -4440 19904 -1112 | GDP=20423.500
FLEX: 2673 2614 2638 2768 2626 | ACC: -21640 7500 30596 | GYRO: 11699 23916 8995 | GDP=28102.521
FLEX: 2655 2629 2597 2756 2646 | ACC: -12248 8004 18468 | GYRO: 22964 8361 22891 | GDP=33485.063
FLEX: 2655 2631 2662 2786 2629 | ACC: -5704 11328 11496 | GYRO: 25945 13439 25274 | GDP=38633.207
FLEX: 2613 2638 2653 2773 2628 | ACC: 156 7896 5332 | GYRO: 27015 6919 27562 | GDP=39209.012
FLEX: 2624 2637 2656 2783 2656 | ACC: 7488 10964 -1800 | GYRO: 21424 8860 20741 | GDP=31107.498
FLEX: 2619 2608 2736 2794 2608 | ACC: 7648 9716 -820 | GYRO: 18565 12799 15264 | GDP=27229.824
FLEX: 2622 2615 2719 2800 2707 | ACC: 8824 11712 -2780 | GYRO: 15503 4272 11250 | GDP=19625.379
FLEX: 2547 2629 2759 2663 2658 | ACC: 11248 12692 -6280 | GYRO: 8995 5372 4677 | GDP=11473.566
FLEX: 2702 2632 2640 2755 2639 | ACC: 10760 13788 -7168 | GYRO: -1055 4721 -4989 | GDP=6949.171
FLEX: 2613 2559 2655 2807 2608 | ACC: 7564 12904 -4692 | GYRO: -5705 4186 -10031 | GDP=12275.609
FLEX: 2732 2504 2691 2798 2609 | ACC: 8276 14356 -5816 | GYRO: -12858 -72 -15683 | GDP=20280.281
FLEX: 2649 2450 2559 2801 2666 | ACC: 5924 8736 1012 | GYRO: -16831 3778 -24804 | GDP=30212.484
FLEX: 2756 2464 2609 2749 2640 | ACC: 1288 9852 3648 | GYRO: -14381 -2252 -30426 | GDP=33728.715
FLEX: 2867 2371 2596 2789 2594 | ACC: -836 4504 6156 | GYRO: -19456 1703 -32768 | GDP=38146.797
FLEX: 2811 2478 2637 2823 2501 | ACC: -8664 -3216 11240 | GYRO: -20364 3112 -32768 | GDP=38705.543
FLEX: 2828 2534 2698 2782 2586 | ACC: -32768 -10908 15724 | GYRO: -23593 5413 -32768 | GDP=40739.074
FLEX: 2800 2467 2653 2777 2628 | ACC: -32768 -8816 15800 | GYRO: 3024 -751 5973 | GDP=6736.862
FLEX: 2744 2493 2621 2759 2661 | ACC: -13312 1452 6992 | GYRO: 7001 -7231 9037 | GDP=13526.594
FLEX: 2773 2471 2623 2769 2630 | ACC: -12368 4100 9036 | GYRO: 1003 110 5718 | GDP=5806.344
FLEX: 2785 2480 2628 2775 2622 | ACC: -12828 4152 10032 | GYRO: 1705 -2028 3638 | GDP=4500.539
FLEX: 2753 2481 2635 2773 2595 | ACC: -13872 3516 9380 | GYRO: 1382 17 7264 | GDP=7394.316
FLEX: 2789 2480 2634 2807 2670 | ACC: -12308 3996 8724 | GYRO: 1327 -3332 7593 | GDP=8397.428
FLEX: 2761 2475 2647 2719 2610 | ACC: -12016 3236 7612 | GYRO: -3403 -1796 12291 | GDP=12879.235
FLEX: 2762 2491 2633 2768 2640 | ACC: -10828 2228 7128 | GYRO: -6187 -6225 9367 | GDP=12836.288
FLEX: 2736 2451 2618 2798 2623 | ACC: -11936 3924 2760 | GYRO: -19279 -8165 12676 | GDP=24475.049
FLEX: 2738 2497 2551 2769 2640 | ACC: -13900 -2860 6684 | GYRO: -32768 -9081 15482 | GDP=37361.727
FLEX: 2742 2483 2558 2753 2639 | ACC: -22048 340 11244 | GYRO: -27334 -14580 27176 | GDP=41209.938
FLEX: 2730 2494 2559 2784 2638 | ACC: -16432 -2436 21536 | GYRO: -20774 -14299 32767 | GDP=41348.480
FLEX: 2711 2448 2545 2716 2640 | ACC: 680 -3896 27516 | GYRO: -8223 -12951 32767 | GDP=36180.414
FLEX: 2711 2477 2522 2768 2622 | ACC: 21960 -6660 32372 | GYRO: 20074 17250 32767 | GDP=42121.305
FLEX: 2719 2471 2494 2762 2644 | ACC: 16736 -3748 25068 | GYRO: 32767 -2792 8229 | GDP=33899.676
FLEX: 2704 2479 2541 2775 2642 | ACC: 17536 2988 2220 | GYRO: 32767 11325 -13141 | GDP=37075.836
FLEX: 2711 2470 2491 2758 2642 | ACC: 232 8620 -4876 | GYRO: 14644 1896 -30404 | GDP=33800.070
FLEX: 2711 2463 2533 2762 2651 | ACC: -12968 3700 -4332 | GYRO: -14077 -16950 -32768 | GDP=39486.785
FLEX: 2711 2492 2498 2758 2644 | ACC: -28404 136 -1252 | GYRO: -32768 -21136 -23834 | GDP=45700.457
FLEX: 2736 2485 2519 2739 2662 | ACC: -29984 -7064 25104 | GYRO: -27379 -26973 22987 | GDP=44783.418
FLEX: 2703 2480 2512 2731 2602 | ACC: -2952 -9100 28132 | GYRO: -5676 -14399 32767 | GDP=36238.438
FLEX: 2655 2479 2484 2763 2647 | ACC: 5376 -6896 31108 | GYRO: 25208 13922 31434 | GDP=42630.523
FLEX: 2682 2463 2487 2747 2631 | ACC: 8772 -2412 20316 | GYRO: 32767 6065 11639 | GDP=35297.691
FLEX: 2660 2503 2477 2761 2633 | ACC: 12156 2492 5808 | GYRO: 32767 4452 -3978 | GDP=33306.473
FLEX: 2705 2480 2480 2758 2608 | ACC: 3992 9716 -2976 | GYRO: 25262 12753 -19130 | GDP=34157.934
FLEX: 2687 2546 2479 2763 2658 | ACC: -5188 6548 -2904 | GYRO: 10119 -9787 -32768 | GDP=35664.008
FLEX: 2698 2462 2501 2740 2624 | ACC: -12816 3920 -3356 | GYRO: -14323 -18161 -32768 | GDP=40108.754
FLEX: 2704 2490 2540 2731 2633 | ACC: -22688 -2348 5392 | GYRO: -32768 -6750 -32768 | GDP=46829.969
FLEX: 2698 2453 2508 2741 2601 | ACC: -27916 -8408 19724 | GYRO: -17652 -9482 8294 | GDP=21686.215
FLEX: 2695 2480 2546 2758 2655 | ACC: -23648 -9708 24092 | GYRO: -6268 -15004 23589 | GDP=28650.459
FLEX: 2703 2487 2498 2736 2629 | ACC: -17568 -4088 23332 | GYRO: 14900 -13376 25264 | GDP=32236.580
FLEX: 2709 2498 2518 2738 2608 | ACC: -11292 -696 17056 | GYRO: 23901 -26319 31621 | GDP=47579.777
FLEX: 2701 2459 2528 2736 2611 | ACC: 1416 4244 10300 | GYRO: 26034 -24046 29215 | GDP=45929.246
FLEX: 2706 2480 2522 2739 2652 | ACC: 4248 6928 9784 | GYRO: 28763 -18105 25457 | GDP=42463.633
FLEX: 2687 2471 2541 2761 2601 | ACC: 12720 9504 3648 | GYRO: 24433 -13260 17944 | GDP=33087.555
FLEX: 2715 2442 2527 2781 2666 | ACC: 17088 10420 -1340 | GYRO: 24373 -6481 8138 | GDP=26500.443
FLEX: 2715 2438 2544 2736 2628 | ACC: 13944 10388 548 | GYRO: 17949 3318 231 | GDP=18254.564
FLEX: 2725 2479 2559 2761 2653 | ACC: 16024 11524 -2912 | GYRO: 15988 -4977 -9747 | GDP=19375.002
FLEX: 2711 2501 2622 2739 2678 | ACC: 10972 11592 -440 | GYRO: 10323 -6180 -20906 | GDP=24120.895
FLEX: 2704 2462 2622 2752 2667 | ACC: 9616 13628 -2588 | GYRO: 953 -5282 -28115 | GDP=28622.734
FLEX: 2726 2493 2653 2760 2633 | ACC: 736 10040 5592 | GYRO: -2961 -10425 -32555 | GDP=34311.457
FLEX: 2768 2483 2630 2770 2645 | ACC: 1324 11516 2744 | GYRO: -8845 -11381 -32768 | GDP=35798.086
FLEX: 2746 2478 2643 2784 2634 | ACC: -100 -2628 8564 | GYRO: -18225 -12746 -32768 | GDP=39602.438
FLEX: 2814 2512 2608 2762 2645 | ACC: -21220 -10984 4036 | GYRO: -32768 14919 -32768 | GDP=48683.266
FLEX: 2800 2482 2597 2759 2642 | ACC: -32768 -20048 20056 | GYRO: -1818 3926 -9086 | GDP=10063.498
FLEX: 2797 2482 2614 2842 2624 | ACC: -16216 -1520 4660 | GYRO: 16241 -20072 4893 | GDP=26279.207
FLEX: 2787 2468 2655 2736 2643 | ACC: -10996 1212 4820 | GYRO: 804 6292 -1430 | GDP=6502.352
FLEX: 2838 2474 2596 2771 2611 | ACC: -16220 1048 8764 | GYRO: 1945 -311 -488 | GDP=2029.259
FLEX: 2800 2475 2544 2745 2559 | ACC: -13708 2192 6352 | GYRO: 2942 -1640 -182 | GDP=3373.142
FLEX: 2827 2485 2639 2738 2657 | ACC: -15512 1964 7528 | GYRO: -355 -438 948 | GDP=1102.984
FLEX: 2817 2462 2643 2781 2683 | ACC: -14336 1928 8528 | GYRO: 1545 -610 544 | GDP=1747.873
FLEX: 2766 2444 2627 2801 2559 | ACC: -14128 2132 7108 | GYRO: 800 527 604 | GDP=1132.495
FLEX: 2835 2431 2517 2815 2666 | ACC: -14568 1968 7284 | GYRO: 340 204 179 | GDP=435.037
FLEX: 2831 2514 2468 2714 2675 | ACC: -13936 2352 7800 | GYRO: 212 -198 453 | GDP=537.919
FLEX: 2771 2503 2586 2722 2719 | ACC: -14376 2468 8132 | GYRO: 562 49 3 | GDP=564.140
FLEX: 2677 2352 2655 2715 2660 | ACC: -13612 2168 7336 | GYRO: 856 -178 -27 | GDP=874.728
FLEX: 2783 2497 2619 2774 2559 | ACC: -14384 1868 7644 | GYRO: 347 319 -349 | GDP=586.490
FLEX: 2823 2496 2605 2757 2674 | ACC: -14180 1836 7480 | GYRO: 773 -447 57 | GDP=894.755
