# sentence_label=What time is it?
# timestamp=1764327896.0414708
# duration_sec=4.0
# sample_rate_hz=20
# total_samples=76
# format: FLEX: f1 f2 f3 f4 f5 | ACC: ax ay az | GYRO: gx gy gz | GDP=val
#
FLEX: 2614 2582 2443 2619 2479 | ACC: -3312 6900 14336 | GYRO: -106 3775 -2087 | GDP=4314.792
FLEX: 2624 2559 2465 2662 2439 | ACC: -7024 3868 18728 | GYRO: 8689 4839 -3616 | GDP=10582.537
FLEX: 2641 2619 2559 2673 2516 | ACC: -14912 9768 19604 | GYRO: 15784 -1007 -2483 | GDP=16009.810
FLEX: 2640 2633 2603 2703 2558 | ACC: -12068 9964 18240 | GYRO: 14473 6272 8363 | GDP=17853.443
FLEX: 2618 2669 2661 2702 2653 | ACC: -11820 10684 13148 | GYRO: 21760 4070 9667 | GDP=24156.021
FLEX: 2633 2675 2695 2753 2659 | ACC: -7648 13316 4904 | GYRO: 9708 2287 15989 | GDP=18844.727
FLEX: 2631 2672 2689 2783 2705 | ACC: -5652 10624 4440 | GYRO: 1273 -1507 15658 | GDP=15781.779
FLEX: 2635 2645 2741 2795 2746 | ACC: -3300 10020 3772 | GYRO: -113 -9545 15502 | GDP=18205.270
FLEX: 2688 2640 2743 2786 2726 | ACC: 4160 9412 3812 | GYRO: -12279 -13300 17849 | GDP=25421.459
FLEX: 2768 2635 2762 2804 2742 | ACC: 7092 7960 7380 | GYRO: -10916 -9210 13377 | GDP=19568.527
FLEX: 2799 2559 2768 2784 2735 | ACC: 8852 6272 9100 | GYRO: -13285 -14427 9232 | GDP=21676.240
FLEX: 2815 2559 2761 2781 2734 | ACC: 9864 6360 10124 | GYRO: -7992 -10892 3528 | GDP=13962.611
FLEX: 2841 2544 2750 2803 2726 | ACC: 8924 6884 9920 | GYRO: -9389 -6850 3034 | GDP=12011.701
FLEX: 2846 2545 2763 2783 2722 | ACC: 7236 5812 11820 | GYRO: -8713 -2310 2147 | GDP=9266.180
FLEX: 2835 2538 2758 2753 2733 | ACC: 7884 5224 14060 | GYRO: -11331 -7586 4565 | GDP=14379.784
FLEX: 2837 2559 2733 2789 2768 | ACC: 5168 6504 22172 | GYRO: 4434 12591 -1517 | GDP=13434.840
FLEX: 2851 2550 2735 2767 2746 | ACC: 9616 4476 16352 | GYRO: 6824 -260 -1902 | GDP=7088.877
FLEX: 2839 2550 2749 2760 2693 | ACC: 5796 8652 11104 | GYRO: 8004 2748 -3357 | GDP=9104.118
FLEX: 2847 2544 2735 2757 2727 | ACC: 5368 8928 7932 | GYRO: 3405 1109 -1227 | GDP=3785.424
FLEX: 2833 2538 2688 2737 2723 | ACC: 3244 9772 6900 | GYRO: -7256 -1559 3667 | GDP=8278.098
FLEX: 2818 2529 2682 2751 2698 | ACC: 8052 5968 12416 | GYRO: -11441 -6302 6634 | GDP=14649.971
FLEX: 2813 2590 2730 2745 2757 | ACC: 8128 6668 20356 | GYRO: 5215 12285 -1695 | GDP=13453.271
FLEX: 2810 2541 2698 2733 2695 | ACC: 10624 4460 15208 | GYRO: 7280 1597 -2396 | GDP=7828.769
FLEX: 2800 2537 2730 2756 2697 | ACC: 5900 7864 12228 | GYRO: 7693 3860 -2452 | GDP=8949.533
FLEX: 2828 2526 2695 2730 2680 | ACC: 5724 7976 9348 | GYRO: 4500 1943 -635 | GDP=4942.517
FLEX: 2810 2541 2742 2737 2684 | ACC: 4148 9408 7036 | GYRO: -5101 -877 2505 | GDP=5750.162
FLEX: 2835 2532 2605 2711 2607 | ACC: 6512 6336 9716 | GYRO: -17188 -3183 5890 | GDP=18445.893
FLEX: 2835 2637 2713 2734 2671 | ACC: 6388 5272 21996 | GYRO: 3176 3819 -1155 | GDP=5099.584
FLEX: 2785 2529 2727 2715 2646 | ACC: 10824 3660 12872 | GYRO: 2726 5465 -769 | GDP=6155.376
FLEX: 2803 2521 2610 2758 2666 | ACC: 11696 2880 14212 | GYRO: 8864 15403 -5059 | GDP=18477.457
FLEX: 2773 2539 2689 2775 2672 | ACC: 12496 2220 12996 | GYRO: 13001 23040 -8034 | GDP=27648.016
FLEX: 2717 2512 2646 2762 2620 | ACC: 8628 2476 10096 | GYRO: 17821 32767 -15376 | GDP=40344.586
FLEX: 2687 2544 2629 2743 2655 | ACC: 2180 2292 8060 | GYRO: 27423 32767 -18506 | GDP=46563.605
FLEX: 2657 2512 2521 2799 2646 | ACC: -3540 9804 -2412 | GYRO: 32751 32767 -16940 | GDP=49328.168
FLEX: 2685 2496 2388 2695 2531 | ACC: -10804 7500 -13476 | GYRO: 32767 32767 -14659 | GDP=48602.871
FLEX: 2679 2475 2318 2582 2437 | ACC: -13044 13524 -19304 | GYRO: 20343 32767 -7525 | GDP=39295.543
FLEX: 2693 2489 2211 2609 2393 | ACC: -5580 7016 -22732 | GYRO: 11918 30230 -6560 | GDP=33150.043
FLEX: 2663 2474 2256 2543 2309 | ACC: -2196 6640 -23520 | GYRO: 2977 1959 -12838 | GDP=13323.455
FLEX: 2703 2495 2255 2613 2434 | ACC: -7248 4212 -17400 | GYRO: -8636 -2223 -19819 | GDP=21732.809
FLEX: 2590 2487 2211 2530 2441 | ACC: -9924 4468 -12568 | GYRO: -11570 -7236 -18408 | GDP=22914.604
FLEX: 2645 2474 2352 2557 2483 | ACC: -19340 4636 -4680 | GYRO: -12239 -6509 -15022 | GDP=20440.662
FLEX: 2673 2539 2221 2531 2352 | ACC: -26508 8076 -932 | GYRO: -6248 385 -1582 | GDP=6456.660
FLEX: 2584 2528 2250 2547 2415 | ACC: -26692 8820 124 | GYRO: 3702 10178 15253 | GDP=18706.963
FLEX: 2618 2497 2219 2538 2357 | ACC: -14216 5712 -6176 | GYRO: 12902 12100 27249 | GDP=32486.607
FLEX: 2654 2479 2245 2554 2414 | ACC: 512 3412 -14012 | GYRO: 11340 14553 24126 | GDP=30371.850
FLEX: 2632 2459 2215 2529 2405 | ACC: 9832 2748 -17316 | GYRO: 7296 5195 14561 | GDP=17095.098
FLEX: 2659 2475 2226 2542 2409 | ACC: 12248 3088 -18904 | GYRO: 2190 1605 -2359 | GDP=3596.805
FLEX: 2640 2474 2219 2510 2411 | ACC: 4276 4004 -14896 | GYRO: 690 -10366 -15498 | GDP=18657.922
FLEX: 2631 2493 2240 2512 2402 | ACC: -5952 5088 -11856 | GYRO: -4279 -5155 -22459 | GDP=23436.949
FLEX: 2656 2496 2230 2537 2407 | ACC: -15536 7744 -9848 | GYRO: -4509 -7230 -19816 | GDP=21570.299
FLEX: 2629 2511 2228 2543 2421 | ACC: -25680 9024 -6820 | GYRO: -3444 2629 -9136 | GDP=10111.344
FLEX: 2635 2481 2217 2547 2438 | ACC: -24328 8256 -7132 | GYRO: 2267 2218 8771 | GDP=9326.803
FLEX: 2622 2493 2238 2501 2414 | ACC: -13856 5568 -9912 | GYRO: 7913 6121 18763 | GDP=21263.404
FLEX: 2640 2486 2207 2505 2430 | ACC: -4764 3792 -12656 | GYRO: 8749 7709 20441 | GDP=23533.129
FLEX: 2643 2478 2218 2531 2435 | ACC: 4940 3032 -17212 | GYRO: 7930 4429 15590 | GDP=18042.979
FLEX: 2641 2487 2224 2509 2406 | ACC: 9172 2884 -19324 | GYRO: 2109 823 1947 | GDP=2985.970
FLEX: 2643 2483 2207 2543 2424 | ACC: 6680 2496 -18088 | GYRO: -1915 -7635 -9495 | GDP=12333.510
FLEX: 2629 2483 2231 2508 2422 | ACC: 404 4256 -16140 | GYRO: -8776 -8921 -18790 | GDP=22575.795
FLEX: 2635 2470 2219 2535 2417 | ACC: -11296 5656 -10556 | GYRO: -9627 -9775 -22780 | GDP=26592.445
FLEX: 2626 2480 2224 2527 2437 | ACC: -13660 5268 -10212 | GYRO: -12641 -3347 -15228 | GDP=20072.102
FLEX: 2638 2481 2224 2539 2445 | ACC: -21060 7504 -5160 | GYRO: -8769 -6701 -8820 | GDP=14127.674
FLEX: 2645 2477 2227 2541 2424 | ACC: -22404 7988 -3372 | GYRO: -2939 1443 4147 | GDP=5283.709
FLEX: 2633 2485 2239 2537 2440 | ACC: -14852 6880 -4724 | GYRO: 5716 -4000 12346 | GDP=14180.845
FLEX: 2609 2480 2229 2545 2456 | ACC: -9240 7288 -7144 | GYRO: 10319 2341 12274 | GDP=16205.343
FLEX: 2646 2487 2240 2543 2478 | ACC: -5524 7148 -11200 | GYRO: 8887 -3379 9164 | GDP=13205.124
FLEX: 2607 2498 2218 2550 2445 | ACC: -4188 6200 -14592 | GYRO: 6818 -1785 3883 | GDP=8046.679
FLEX: 2622 2487 2244 2559 2474 | ACC: -5228 6296 -15620 | GYRO: 2411 -3617 1226 | GDP=4516.490
FLEX: 2654 2512 2222 2550 2446 | ACC: -8552 8204 -11620 | GYRO: -2591 -9774 -124 | GDP=10112.355
FLEX: 2626 2498 2230 2559 2453 | ACC: -8068 3716 -15784 | GYRO: 626 -9494 -3465 | GDP=10125.914
FLEX: 2614 2513 2249 2507 2461 | ACC: -22996 10440 -11308 | GYRO: -4825 -18062 4081 | GDP=19135.596
FLEX: 2635 2522 2218 2559 2473 | ACC: -9284 5296 -8740 | GYRO: -4981 -32768 7419 | GDP=33964.594
FLEX: 2626 2511 2256 2554 2466 | ACC: -1632 8580 -6440 | GYRO: -5864 -10115 -2166 | GDP=11890.806
FLEX: 2666 2509 2263 2559 2480 | ACC: -18676 7260 2596 | GYRO: -2112 16881 -3327 | GDP=17334.867
FLEX: 2641 2516 2254 2559 2478 | ACC: -13892 9248 -3256 | GYRO: 3162 -3294 373 | GDP=4581.245
FLEX: 2641 2528 2273 2551 2470 | ACC: -12596 8632 -4236 | GYRO: 1935 -83 -62 | GDP=1937.771
FLEX: 2677 2527 2259 2533 2460 | ACC: -14024 8648 -3552 | GYRO: 923 1790 -758 | GDP=2151.881
