# sentence_label=Thank you.
# timestamp=1764326962.7252653
# duration_sec=4.0
# sample_rate_hz=20
# total_samples=77
# format: FLEX: f1 f2 f3 f4 f5 | ACC: ax ay az | GYRO: gx gy gz | GDP=val
#
FLEX: 2657 2502 2241 2526 2278 | ACC: 1240 7724 14612 | GYRO: 730 -21 -36 | GDP=731.189
FLEX: 2610 2532 2265 2487 2307 | ACC: 1268 7820 14576 | GYRO: 659 19 11 | GDP=659.366
FLEX: 2583 2478 2258 2503 2256 | ACC: 1268 7804 14612 | GYRO: 652 -20 -22 | GDP=652.678
FLEX: 2609 2518 2269 2525 2315 | ACC: 1296 7776 14512 | GYRO: 685 0 12 | GDP=685.105
FLEX: 2595 2492 2283 2503 2303 | ACC: 1252 7808 14628 | GYRO: 714 -127 -44 | GDP=726.540
FLEX: 2608 2498 2265 2487 2303 | ACC: 1436 7788 14572 | GYRO: 572 64 12 | GDP=575.694
FLEX: 2602 2475 2262 2519 2283 | ACC: 1212 7752 14560 | GYRO: 481 161 67 | GDP=511.636
FLEX: 2605 2466 2256 2512 2352 | ACC: 1452 7604 14848 | GYRO: 883 568 -8 | GDP=1049.941
FLEX: 2615 2445 2301 2503 2289 | ACC: 1380 8264 14424 | GYRO: 604 3423 -1550 | GDP=3805.817
FLEX: 2625 2493 2265 2526 2302 | ACC: 1628 7900 14420 | GYRO: 157 3622 -1294 | GDP=3849.412
FLEX: 2599 2464 2243 2514 2286 | ACC: 336 8580 15556 | GYRO: -2619 4575 -1750 | GDP=5554.483
FLEX: 2624 2492 2282 2520 2259 | ACC: -380 6868 15476 | GYRO: -1571 8607 -1822 | GDP=8936.899
FLEX: 2559 2480 2255 2496 2278 | ACC: -5856 6252 17128 | GYRO: 1921 22872 1959 | GDP=23035.979
FLEX: 2597 2491 2260 2480 2290 | ACC: -11504 8672 16348 | GYRO: 3658 27733 6595 | GDP=28740.117
FLEX: 2557 2478 2251 2494 2291 | ACC: -11980 9160 12680 | GYRO: -1107 29811 13734 | GDP=32841.195
FLEX: 2596 2489 2251 2482 2273 | ACC: -12716 8676 10848 | GYRO: -1764 31386 19941 | GDP=37226.820
FLEX: 2559 2460 2262 2483 2291 | ACC: -10500 8080 9204 | GYRO: -6028 26253 21779 | GDP=34639.309
FLEX: 2559 2473 2245 2480 2304 | ACC: -6816 8628 5856 | GYRO: -8121 26162 19372 | GDP=33551.086
FLEX: 2554 2455 2251 2437 2301 | ACC: -10436 7824 9172 | GYRO: -11890 20988 15909 | GDP=28895.752
FLEX: 2559 2467 2237 2499 2304 | ACC: -6192 6840 10328 | GYRO: -12283 8942 9463 | GDP=17899.158
FLEX: 2559 2465 2237 2473 2325 | ACC: -3692 6060 12964 | GYRO: -9818 3643 7508 | GDP=12885.443
FLEX: 2559 2467 2266 2457 2300 | ACC: -5676 6880 14192 | GYRO: -1840 6449 2940 | GDP=7322.486
FLEX: 2558 2450 2246 2465 2318 | ACC: -7116 8544 11740 | GYRO: 1101 6394 407 | GDP=6500.853
FLEX: 2559 2471 2240 2464 2295 | ACC: -9228 9828 10416 | GYRO: 2399 -1890 -1171 | GDP=3270.863
FLEX: 2553 2453 2205 2475 2315 | ACC: -8332 10656 7620 | GYRO: 1933 2468 -1303 | GDP=3394.896
FLEX: 2583 2473 2243 2469 2320 | ACC: -12008 10564 9320 | GYRO: 2376 -2485 -78 | GDP=3438.995
FLEX: 2555 2457 2250 2479 2353 | ACC: -9300 9980 9092 | GYRO: 2282 -277 1732 | GDP=2878.207
FLEX: 2555 2461 2215 2452 2326 | ACC: -10072 9240 10724 | GYRO: 4802 1062 3399 | GDP=5978.315
FLEX: 2545 2462 2213 2508 2309 | ACC: -9840 9448 10232 | GYRO: 6512 1640 4655 | GDP=8170.971
FLEX: 2559 2449 2240 2477 2368 | ACC: -10064 9788 8468 | GYRO: 7342 4038 6485 | GDP=10595.548
FLEX: 2558 2435 2256 2439 2332 | ACC: -9156 9892 7168 | GYRO: 6456 3660 7390 | GDP=10473.187
FLEX: 2551 2475 2246 2477 2320 | ACC: -6324 13212 3636 | GYRO: 10299 2431 6493 | GDP=12415.241
FLEX: 2544 2436 2247 2461 2317 | ACC: -4484 17428 -800 | GYRO: 8928 546 3495 | GDP=9603.245
FLEX: 2559 2466 2263 2445 2339 | ACC: -2516 17820 -280 | GYRO: 1119 -5555 -456 | GDP=5684.903
FLEX: 2549 2445 2224 2482 2289 | ACC: -5800 16496 3192 | GYRO: -1526 -3044 -1330 | GDP=3655.614
FLEX: 2555 2478 2238 2479 2319 | ACC: -8092 15220 4876 | GYRO: -1653 -2719 -510 | GDP=3222.649
FLEX: 2551 2449 2260 2451 2352 | ACC: -6916 15000 4492 | GYRO: -2174 -536 2508 | GDP=3362.088
FLEX: 2559 2449 2250 2496 2302 | ACC: -7596 14796 5580 | GYRO: -3052 -1959 2974 | GDP=4690.103
FLEX: 2559 2462 2243 2463 2321 | ACC: -5528 14584 5272 | GYRO: -5676 -2296 4066 | GDP=7349.895
FLEX: 2549 2480 2256 2480 2314 | ACC: -4376 13460 7056 | GYRO: -6242 -2647 4219 | GDP=7985.558
FLEX: 2549 2421 2207 2450 2302 | ACC: -2476 12280 8460 | GYRO: -5897 37 3452 | GDP=6833.175
FLEX: 2551 2494 2263 2475 2323 | ACC: -2396 12276 7960 | GYRO: -2117 4277 1916 | GDP=5142.516
FLEX: 2551 2457 2244 2471 2289 | ACC: -2644 11912 8996 | GYRO: 1410 7544 1202 | GDP=7768.194
FLEX: 2544 2475 2247 2466 2326 | ACC: -2368 11396 8688 | GYRO: 7771 12194 -2548 | GDP=14682.451
FLEX: 2554 2454 2257 2448 2320 | ACC: -5208 11956 6680 | GYRO: 14831 11792 -9519 | GDP=21204.273
FLEX: 2559 2480 2271 2465 2313 | ACC: -6648 10976 4572 | GYRO: 15807 12985 -12199 | GDP=23817.789
FLEX: 2513 2458 2234 2455 2306 | ACC: -6512 8172 3612 | GYRO: 30393 14561 -20600 | GDP=39498.320
FLEX: 2530 2460 2241 2464 2319 | ACC: -11856 4572 -2284 | GYRO: 32767 18163 -23951 | GDP=44465.957
FLEX: 2512 2470 2229 2454 2317 | ACC: -12840 9560 -18216 | GYRO: 32767 10591 -16902 | GDP=38360.438
FLEX: 2506 2438 2243 2453 2351 | ACC: -16648 4464 -15228 | GYRO: 11275 17121 -2104 | GDP=20607.791
FLEX: 2518 2439 2240 2441 2306 | ACC: -11032 5260 -17984 | GYRO: 1593 -1637 1987 | GDP=3027.472
FLEX: 2527 2450 2238 2447 2320 | ACC: -13460 5268 -9660 | GYRO: 1309 -2637 746 | GDP=3037.065
FLEX: 2498 2420 2233 2448 2323 | ACC: -10616 6584 -10352 | GYRO: -636 1039 1607 | GDP=2016.548
FLEX: 2517 2455 2213 2426 2334 | ACC: -12088 6436 -9336 | GYRO: 936 -3866 1009 | GDP=4103.673
FLEX: 2505 2473 2228 2449 2295 | ACC: -11708 5976 -9672 | GYRO: -717 -885 800 | GDP=1391.874
FLEX: 2521 2445 2233 2448 2303 | ACC: -11464 6144 -9332 | GYRO: 1401 -1729 1167 | GDP=2512.793
FLEX: 2511 2448 2234 2449 2320 | ACC: -11864 6456 -9444 | GYRO: 486 -4539 2167 | GDP=5053.178
FLEX: 2515 2452 2258 2459 2327 | ACC: -12092 6084 -8180 | GYRO: 2459 -5624 2145 | GDP=6502.083
FLEX: 2513 2447 2243 2448 2295 | ACC: -16240 6960 -5964 | GYRO: 4467 -21342 8627 | GDP=23449.098
FLEX: 2512 2430 2235 2480 2289 | ACC: -15160 6516 -6076 | GYRO: 4554 -32602 13819 | GDP=35701.457
FLEX: 2509 2449 2239 2487 2304 | ACC: -13652 7520 -5184 | GYRO: 5951 -32768 13035 | GDP=35764.051
FLEX: 2541 2497 2288 2513 2293 | ACC: -14104 9180 -4068 | GYRO: 1822 -32768 14774 | GDP=35990.730
FLEX: 2547 2485 2238 2508 2333 | ACC: -13116 10800 632 | GYRO: -782 -32768 15223 | GDP=36139.910
FLEX: 2559 2497 2270 2537 2315 | ACC: -8948 10068 1324 | GYRO: -3848 -32768 19121 | GDP=38133.469
FLEX: 2559 2482 2249 2526 2304 | ACC: -104 11320 2916 | GYRO: -7976 -32768 16070 | GDP=37357.773
FLEX: 2559 2483 2262 2544 2312 | ACC: 8992 10092 5424 | GYRO: -9991 -20934 11041 | GDP=25689.611
FLEX: 2591 2496 2262 2519 2345 | ACC: 6800 9536 10032 | GYRO: -11968 1388 6035 | GDP=13475.192
FLEX: 2586 2519 2257 2512 2369 | ACC: 3928 7912 14976 | GYRO: -9432 -3845 620 | GDP=10204.462
FLEX: 2559 2470 2254 2519 2372 | ACC: 6128 7496 14808 | GYRO: -7407 -6039 -921 | GDP=9601.115
FLEX: 2593 2496 2271 2559 2359 | ACC: 3632 6728 16704 | GYRO: -4692 3921 -2812 | GDP=6730.264
FLEX: 2607 2513 2255 2547 2384 | ACC: 412 13132 21068 | GYRO: 17922 24738 -6796 | GDP=31294.605
FLEX: 2613 2513 2288 2559 2389 | ACC: -704 8732 14220 | GYRO: -3477 -9296 235 | GDP=9927.758
FLEX: 2603 2520 2315 2555 2384 | ACC: 6532 7700 12392 | GYRO: 952 -214 -896 | GDP=1324.732
FLEX: 2608 2511 2303 2559 2371 | ACC: -276 9104 15060 | GYRO: 1352 4481 -53 | GDP=4680.820
FLEX: 2610 2526 2297 2549 2352 | ACC: 1888 9236 14024 | GYRO: 1330 -1989 202 | GDP=2401.213
FLEX: 2640 2503 2301 2550 2365 | ACC: 2516 9116 13724 | GYRO: 906 963 -293 | GDP=1354.272
FLEX: 2608 2528 2314 2522 2341 | ACC: 1740 8892 14072 | GYRO: 707 -125 -175 | GDP=738.985
