# sentence_label=Rest
# timestamp=1764327710.0937104
# duration_sec=4.0
# sample_rate_hz=20
# total_samples=76
# format: FLEX: f1 f2 f3 f4 f5 | ACC: ax ay az | GYRO: gx gy gz | GDP=val
#
FLEX: 2545 2458 2245 2478 2370 | ACC: 3888 -916 16112 | GYRO: 635 122 -67 | GDP=650.075
FLEX: 2497 2462 2240 2503 2384 | ACC: 3932 -948 16064 | GYRO: 769 124 -157 | GDP=794.598
FLEX: 2547 2465 2255 2497 2387 | ACC: 3988 -860 16136 | GYRO: 612 -54 -35 | GDP=615.374
FLEX: 2527 2486 2225 2436 2327 | ACC: 3884 -868 16056 | GYRO: 622 -2 -100 | GDP=629.990
FLEX: 2526 2487 2250 2487 2352 | ACC: 3852 -888 16084 | GYRO: 702 34 -99 | GDP=709.761
FLEX: 2542 2363 2246 2450 2378 | ACC: 4144 -816 16224 | GYRO: 665 -185 115 | GDP=699.768
FLEX: 2542 2466 2258 2511 2347 | ACC: 4020 -904 16100 | GYRO: 546 -92 126 | GDP=567.852
FLEX: 2539 2404 2240 2464 2367 | ACC: 4016 -976 16000 | GYRO: 613 -120 -5 | GDP=624.655
FLEX: 2558 2451 2160 2452 2337 | ACC: 3940 -892 16176 | GYRO: 689 120 -116 | GDP=708.927
FLEX: 2512 2418 2244 2514 2410 | ACC: 3988 -900 15944 | GYRO: 645 -35 -36 | GDP=646.951
FLEX: 2559 2414 2268 2459 2373 | ACC: 3988 -856 16012 | GYRO: 620 18 -74 | GDP=624.660
FLEX: 2600 2416 2231 2492 2423 | ACC: 3928 -880 16120 | GYRO: 660 -122 -41 | GDP=672.432
FLEX: 2551 2404 2255 2487 2394 | ACC: 3996 -860 16148 | GYRO: 553 -151 139 | GDP=589.857
FLEX: 2513 2461 2281 2495 2409 | ACC: 3984 -936 16068 | GYRO: 530 -133 70 | GDP=550.898
FLEX: 2591 2432 2275 2502 2313 | ACC: 4124 -916 16020 | GYRO: 704 207 -37 | GDP=734.734
FLEX: 2559 2503 2256 2482 2512 | ACC: 3896 -932 16060 | GYRO: 754 152 -43 | GDP=770.369
FLEX: 2495 2474 2191 2483 2357 | ACC: 4032 -928 16048 | GYRO: 583 40 -58 | GDP=587.242
FLEX: 2588 2444 2240 2421 2303 | ACC: 3916 -912 16020 | GYRO: 630 -221 -133 | GDP=680.757
FLEX: 2559 2429 2265 2474 2345 | ACC: 3940 -892 16104 | GYRO: 633 -82 -41 | GDP=639.605
FLEX: 2525 2454 2222 2501 2365 | ACC: 4020 -924 16268 | GYRO: 615 -109 196 | GDP=654.616
FLEX: 2530 2466 2215 2486 2475 | ACC: 4012 -892 16160 | GYRO: 553 -78 93 | GDP=566.164
FLEX: 2527 2463 2316 2477 2357 | ACC: 4072 -1012 15944 | GYRO: 751 143 -82 | GDP=768.878
FLEX: 2544 2457 2262 2452 2307 | ACC: 3884 -864 16072 | GYRO: 759 119 -76 | GDP=772.022
FLEX: 2531 2445 2265 2496 2361 | ACC: 4012 -916 16068 | GYRO: 630 115 -63 | GDP=643.501
FLEX: 2521 2416 2263 2480 2351 | ACC: 4112 -884 16052 | GYRO: 628 -47 -99 | GDP=637.490
FLEX: 2539 2448 2247 2477 2379 | ACC: 4056 -960 16052 | GYRO: 652 -150 4 | GDP=669.044
FLEX: 2519 2475 2240 2507 2341 | ACC: 4004 -888 16152 | GYRO: 589 -178 88 | GDP=621.570
FLEX: 2526 2512 2262 2480 2368 | ACC: 4080 -976 16128 | GYRO: 593 -62 56 | GDP=598.856
FLEX: 2538 2455 2240 2466 2367 | ACC: 4144 -928 15992 | GYRO: 714 7 -65 | GDP=716.987
FLEX: 2524 2477 2255 2473 2385 | ACC: 3828 -900 16168 | GYRO: 727 164 -71 | GDP=748.643
FLEX: 2532 2470 2249 2467 2385 | ACC: 4012 -940 16060 | GYRO: 600 26 -45 | GDP=602.247
FLEX: 2603 2433 2183 2490 2359 | ACC: 4116 -900 16072 | GYRO: 622 -125 -99 | GDP=642.114
FLEX: 2543 2511 2255 2482 2362 | ACC: 4016 -984 16068 | GYRO: 636 -130 1 | GDP=649.151
FLEX: 2559 2481 2261 2481 2377 | ACC: 3976 -920 16152 | GYRO: 583 -332 126 | GDP=682.634
FLEX: 2541 2455 2269 2485 2379 | ACC: 4184 -956 15972 | GYRO: 579 60 113 | GDP=592.967
FLEX: 2534 2445 2249 2485 2371 | ACC: 4076 -932 16044 | GYRO: 730 167 -17 | GDP=749.051
FLEX: 2517 2435 2254 2503 2359 | ACC: 4044 -956 16180 | GYRO: 704 22 -72 | GDP=708.014
FLEX: 2553 2491 2152 2480 2364 | ACC: 3988 -924 16040 | GYRO: 606 -30 -62 | GDP=609.902
FLEX: 2544 2473 2254 2462 2368 | ACC: 4132 -952 15972 | GYRO: 678 21 -147 | GDP=694.071
FLEX: 2538 2453 2268 2481 2352 | ACC: 4044 -916 16140 | GYRO: 732 -167 -27 | GDP=751.294
FLEX: 2518 2463 2262 2479 2367 | ACC: 4088 -856 16124 | GYRO: 623 -68 170 | GDP=649.348
FLEX: 2544 2478 2238 2490 2356 | ACC: 4112 -1000 16016 | GYRO: 661 31 82 | GDP=666.788
FLEX: 2530 2496 2226 2496 2388 | ACC: 4176 -900 15956 | GYRO: 733 216 -73 | GDP=767.642
FLEX: 2559 2498 2311 2480 2365 | ACC: 3840 -948 16184 | GYRO: 657 14 -23 | GDP=657.552
FLEX: 2533 2463 2255 2474 2385 | ACC: 4060 -956 15996 | GYRO: 618 -30 -97 | GDP=626.285
FLEX: 2535 2532 2234 2495 2359 | ACC: 3996 -860 16032 | GYRO: 722 81 -104 | GDP=733.935
FLEX: 2533 2446 2246 2478 2352 | ACC: 4132 -904 16120 | GYRO: 667 -216 31 | GDP=701.788
FLEX: 2518 2471 2269 2496 2371 | ACC: 4052 -852 16084 | GYRO: 654 106 192 | GDP=689.794
FLEX: 2543 2457 2239 2480 2352 | ACC: 4104 -932 16012 | GYRO: 600 -159 34 | GDP=621.641
FLEX: 2544 2498 2257 2476 2406 | ACC: 4120 -908 15992 | GYRO: 685 207 -64 | GDP=718.450
FLEX: 2544 2451 2259 2451 2326 | ACC: 4048 -984 16116 | GYRO: 676 -119 -35 | GDP=687.286
FLEX: 2544 2490 2256 2473 2373 | ACC: 3964 -884 16264 | GYRO: 651 -29 -66 | GDP=654.979
FLEX: 2555 2445 2240 2476 2363 | ACC: 4004 -900 16168 | GYRO: 715 103 -132 | GDP=734.342
FLEX: 2538 2439 2257 2411 2371 | ACC: 4088 -864 15992 | GYRO: 729 -136 42 | GDP=742.766
FLEX: 2517 2479 2244 2478 2325 | ACC: 4008 -876 16020 | GYRO: 550 40 182 | GDP=580.710
FLEX: 2591 2463 2259 2495 2361 | ACC: 4220 -952 15912 | GYRO: 636 -76 14 | GDP=640.678
FLEX: 2546 2448 2247 2471 2368 | ACC: 4040 -948 16108 | GYRO: 723 160 -37 | GDP=741.416
FLEX: 2535 2462 2211 2559 2369 | ACC: 3912 -904 16228 | GYRO: 634 -220 -96 | GDP=677.917
FLEX: 2531 2464 2262 2476 2411 | ACC: 4000 -904 16108 | GYRO: 678 83 -67 | GDP=686.340
FLEX: 2544 2454 2250 2483 2381 | ACC: 3864 -924 16208 | GYRO: 689 -12 0 | GDP=689.104
FLEX: 2544 2462 2254 2485 2352 | ACC: 4244 -876 16020 | GYRO: 623 -176 131 | GDP=660.504
FLEX: 2550 2453 2267 2479 2355 | ACC: 4004 -900 16112 | GYRO: 495 -294 106 | GDP=585.403
FLEX: 2545 2469 2240 2474 2382 | ACC: 4128 -972 15944 | GYRO: 647 7 -23 | GDP=647.447
FLEX: 2535 2478 2266 2463 2369 | ACC: 3912 -952 16136 | GYRO: 742 168 -124 | GDP=770.820
FLEX: 2527 2449 2242 2460 2371 | ACC: 4156 -932 16064 | GYRO: 615 -85 -55 | GDP=623.278
FLEX: 2544 2498 2247 2485 2370 | ACC: 4036 -924 16076 | GYRO: 649 -59 -68 | GDP=655.214
FLEX: 2510 2448 2271 2499 2352 | ACC: 3984 -960 16084 | GYRO: 670 -132 3 | GDP=682.886
FLEX: 2537 2459 2269 2480 2363 | ACC: 4040 -844 16200 | GYRO: 609 -60 97 | GDP=619.589
FLEX: 2505 2462 2277 2467 2397 | ACC: 4080 -884 15932 | GYRO: 586 -205 64 | GDP=624.113
FLEX: 2549 2476 2265 2480 2397 | ACC: 4088 -988 16016 | GYRO: 626 214 -32 | GDP=662.341
FLEX: 2544 2458 2233 2480 2397 | ACC: 4008 -968 16220 | GYRO: 676 43 -83 | GDP=682.432
FLEX: 2517 2438 2256 2457 2375 | ACC: 4004 -1036 15992 | GYRO: 614 -57 -35 | GDP=617.633
FLEX: 2525 2431 2253 2442 2353 | ACC: 4152 -936 16004 | GYRO: 595 -95 -124 | GDP=615.163
FLEX: 2544 2468 2240 2502 2371 | ACC: 4076 -960 16044 | GYRO: 715 -30 -42 | GDP=716.861
FLEX: 2538 2474 2249 2499 2345 | ACC: 4100 -820 16112 | GYRO: 629 -62 124 | GDP=644.097
FLEX: 2546 2487 2256 2476 2352 | ACC: 4100 -964 15964 | GYRO: 628 -171 161 | GDP=670.482
