# sentence_label=No, I don't understand
# timestamp=1764407581.957014
# duration_sec=4.0
# sample_rate_hz=20
# total_samples=76
# format: FLEX: f1 f2 f3 f4 f5 | ACC: ax ay az | GYRO: gx gy gz | GDP=val
#
FLEX: 2640 2603 2509 2731 2559 | ACC: 1496 6064 17308 | GYRO: 626 5205 -2401 | GDP=5766.168
FLEX: 2651 2608 2522 2725 2609 | ACC: -3004 4828 23872 | GYRO: 6127 13173 -2917 | GDP=14818.130
FLEX: 2600 2621 2522 2737 2559 | ACC: -8516 4948 24308 | GYRO: 15486 16939 -51 | GDP=22951.002
FLEX: 2640 2613 2503 2743 2559 | ACC: -9456 8396 18588 | GYRO: 21549 19299 9649 | GDP=30494.492
FLEX: 2636 2609 2474 2759 2592 | ACC: -10172 7680 14316 | GYRO: 23972 9378 15456 | GDP=30024.850
FLEX: 2623 2605 2489 2735 2559 | ACC: -4248 9784 6820 | GYRO: 23849 880 18213 | GDP=30021.035
FLEX: 2595 2583 2423 2711 2603 | ACC: -648 8860 2900 | GYRO: 21330 2194 17101 | GDP=27426.752
FLEX: 2559 2603 2333 2703 2586 | ACC: 3368 10948 -1024 | GYRO: 14470 -4681 14220 | GDP=20820.687
FLEX: 2528 2586 2346 2681 2559 | ACC: 5496 11960 -984 | GYRO: 11655 -1088 10154 | GDP=15496.015
FLEX: 2559 2559 2320 2701 2557 | ACC: 5928 12260 -256 | GYRO: 8732 -4354 7008 | GDP=12013.209
FLEX: 2534 2559 2294 2641 2553 | ACC: 7036 14940 -1232 | GYRO: 9055 -1627 1400 | GDP=9305.920
FLEX: 2525 2559 2294 2672 2549 | ACC: 4776 17180 -1032 | GYRO: 6988 355 -1075 | GDP=7079.109
FLEX: 2508 2559 2290 2630 2517 | ACC: 1772 17064 -196 | GYRO: 10916 1421 -1772 | GDP=11149.811
FLEX: 2534 2597 2359 2656 2547 | ACC: 4324 13836 -3532 | GYRO: -5117 -6552 870 | GDP=8358.785
FLEX: 2528 2559 2363 2651 2529 | ACC: 3140 13952 720 | GYRO: 636 2754 210 | GDP=2834.274
FLEX: 2544 2587 2371 2622 2548 | ACC: -420 19892 -3072 | GYRO: 3272 3051 1445 | GDP=4701.341
FLEX: 2522 2559 2330 2639 2512 | ACC: 5052 14200 952 | GYRO: -3015 390 1126 | GDP=3241.944
FLEX: 2558 2593 2348 2640 2513 | ACC: 556 19956 -2256 | GYRO: 4538 4462 906 | GDP=6428.353
FLEX: 2526 2559 2363 2631 2525 | ACC: 9396 13416 -2540 | GYRO: -2413 2070 823 | GDP=3284.022
FLEX: 2559 2594 2379 2601 2517 | ACC: 3856 13988 636 | GYRO: 5872 12916 -6404 | GDP=15566.459
FLEX: 2551 2591 2384 2627 2517 | ACC: 1864 16700 2672 | GYRO: -52 5970 -7021 | GDP=9216.184
FLEX: 2551 2559 2417 2661 2523 | ACC: 3960 14944 -2912 | GYRO: -4537 -5546 -6013 | GDP=9354.071
FLEX: 2553 2592 2382 2658 2496 | ACC: 11196 12516 -4372 | GYRO: -5011 10046 -15697 | GDP=19298.395
FLEX: 2559 2594 2368 2629 2533 | ACC: 3596 17156 -7920 | GYRO: -9674 32767 -28604 | GDP=44558.402
FLEX: 2614 2491 2399 2649 2432 | ACC: -9552 11848 -6760 | GYRO: -23085 32767 -30541 | GDP=50391.926
FLEX: 2595 2551 2559 2736 2626 | ACC: -26384 12820 -8272 | GYRO: -20437 32767 -16352 | GDP=41937.277
FLEX: 2559 2549 2558 2767 2634 | ACC: -23136 11184 -4664 | GYRO: -20058 12757 -487 | GDP=23776.072
FLEX: 2591 2559 2650 2735 2667 | ACC: -10780 12504 -6896 | GYRO: -26018 -7162 4286 | GDP=27323.988
FLEX: 2559 2556 2608 2736 2695 | ACC: -8888 10084 -2060 | GYRO: -32768 78 3568 | GDP=32961.773
FLEX: 2656 2544 2671 2783 2730 | ACC: -10300 7980 5796 | GYRO: -30713 -4842 4884 | GDP=31473.588
FLEX: 2559 2544 2634 2726 2722 | ACC: -4704 6116 6524 | GYRO: -31179 -1658 6696 | GDP=31932.982
FLEX: 2533 2542 2691 2774 2647 | ACC: -5920 4688 11772 | GYRO: -27593 2340 5420 | GDP=28217.471
FLEX: 2597 2614 2666 2768 2671 | ACC: -4408 -944 16576 | GYRO: -29861 4300 3133 | GDP=30331.256
FLEX: 2539 2800 2612 2767 2627 | ACC: -12088 1628 23944 | GYRO: 9302 -3413 795 | GDP=9940.211
FLEX: 2582 2778 2619 2832 2614 | ACC: -11556 7348 14292 | GYRO: -1101 -2169 -1084 | GDP=2663.047
FLEX: 2559 2678 2599 2795 2559 | ACC: -7736 9032 9872 | GYRO: 157 -5323 1132 | GDP=5444.300
FLEX: 2559 2672 2646 2781 2662 | ACC: -5740 5480 15644 | GYRO: 753 -5782 1567 | GDP=6037.716
FLEX: 2559 2654 2641 2710 2625 | ACC: -3960 3648 18880 | GYRO: 4501 -4852 1768 | GDP=6850.309
FLEX: 2534 2669 2581 2774 2559 | ACC: -436 -220 23220 | GYRO: 20036 162 -437 | GDP=20041.420
FLEX: 2477 2671 2669 2723 2546 | ACC: -1444 2716 16104 | GYRO: 32767 -2475 -2534 | GDP=32957.898
FLEX: 2544 2703 2661 2665 2591 | ACC: 496 1720 8168 | GYRO: 32767 16523 -5487 | GDP=37105.160
FLEX: 2559 2679 2655 2718 2559 | ACC: -128 1424 -3412 | GYRO: 32767 25042 -13918 | GDP=43525.727
FLEX: 2609 2663 2559 2701 2621 | ACC: -8804 -3700 -12704 | GYRO: 32767 32767 -24130 | GDP=52245.664
FLEX: 2651 2647 2608 2685 2607 | ACC: -12080 -1756 -21016 | GYRO: 32767 27316 -14887 | GDP=45182.551
FLEX: 2686 2688 2597 2736 2704 | ACC: -10456 232 -26852 | GYRO: 32767 1335 -11740 | GDP=34832.258
FLEX: 2672 2662 2617 2665 2649 | ACC: -14220 968 -27400 | GYRO: 12238 12002 -6348 | GDP=18278.777
FLEX: 2649 2667 2588 2735 2743 | ACC: -11352 1456 -28684 | GYRO: 2792 -638 -2497 | GDP=3799.647
FLEX: 2671 2699 2639 2779 2698 | ACC: -14476 660 -26288 | GYRO: -6237 1662 811 | GDP=6505.393
FLEX: 2624 2644 2626 2731 2697 | ACC: -12780 1732 -29804 | GYRO: -16149 1705 5687 | GDP=17205.789
FLEX: 2669 2683 2611 2736 2701 | ACC: -12628 1628 -32768 | GYRO: -32768 8089 9835 | GDP=35155.383
FLEX: 2642 2612 2624 2733 2694 | ACC: -13312 -3192 -21940 | GYRO: -32768 -1617 14931 | GDP=36045.684
FLEX: 2628 2591 2605 2704 2672 | ACC: -3088 -9112 4012 | GYRO: -32768 -32768 21942 | GDP=51273.141
FLEX: 2612 2592 2615 2769 2706 | ACC: 8868 1876 5756 | GYRO: -19898 -7361 11228 | GDP=24003.807
FLEX: 2614 2595 2590 2747 2686 | ACC: 3144 4160 12404 | GYRO: -5744 -3157 2351 | GDP=6963.288
FLEX: 2630 2591 2599 2735 2675 | ACC: 2020 6904 5988 | GYRO: 5143 89 -3843 | GDP=6420.827
FLEX: 2634 2559 2559 2749 2648 | ACC: -2980 7400 3332 | GYRO: 10367 -656 -8126 | GDP=13188.514
FLEX: 2627 2594 2595 2729 2661 | ACC: -3184 6168 -1728 | GYRO: 12800 -8162 -15172 | GDP=21462.707
FLEX: 2618 2592 2549 2705 2640 | ACC: -2400 5332 -3136 | GYRO: 11645 -2567 -14496 | GDP=18770.443
FLEX: 2613 2587 2549 2736 2621 | ACC: -7340 4764 -1412 | GYRO: 15747 -2037 -25262 | GDP=29837.660
FLEX: 2635 2559 2552 2671 2655 | ACC: -12072 2564 -6504 | GYRO: 32767 2799 -28548 | GDP=43548.813
FLEX: 2677 2606 2587 2697 2640 | ACC: -24676 4588 -28568 | GYRO: 32767 19919 -27251 | GDP=47043.172
FLEX: 2646 2653 2547 2691 2672 | ACC: -23756 3636 -31168 | GYRO: 10956 20794 1194 | GDP=23534.020
FLEX: 2647 2627 2589 2666 2671 | ACC: -14320 2340 -19356 | GYRO: 2387 -10393 3432 | GDP=11202.270
FLEX: 2639 2640 2583 2721 2692 | ACC: -10328 5096 -17576 | GYRO: 2112 1876 552 | GDP=2878.302
FLEX: 2679 2669 2559 2717 2685 | ACC: -13412 2496 -19288 | GYRO: -8962 2463 -2360 | GDP=9589.234
FLEX: 2659 2665 2598 2714 2726 | ACC: -14924 1864 -19724 | GYRO: -23097 -2347 4256 | GDP=23602.826
FLEX: 2647 2679 2630 2755 2738 | ACC: -11324 124 -19492 | GYRO: -32768 -7896 10791 | GDP=35391.160
FLEX: 2640 2672 2656 2722 2694 | ACC: -12952 5448 -11300 | GYRO: -32768 -12566 8289 | GDP=36060.418
FLEX: 2644 2688 2641 2736 2678 | ACC: -8620 4976 -9584 | GYRO: -32768 -18299 9390 | GDP=38688.078
FLEX: 2641 2655 2640 2734 2749 | ACC: -7540 5936 -5408 | GYRO: -32768 -14184 7945 | GDP=36579.375
FLEX: 2634 2640 2621 2740 2693 | ACC: -3928 3880 3188 | GYRO: -32768 -5217 3791 | GDP=33396.566
FLEX: 2650 2624 2658 2767 2673 | ACC: -3788 5136 10680 | GYRO: -30223 -8026 914 | GDP=31283.891
FLEX: 2640 2597 2662 2748 2671 | ACC: -4060 4832 19392 | GYRO: -19156 -2482 -999 | GDP=19341.941
FLEX: 2669 2642 2647 2769 2663 | ACC: -8468 3316 24624 | GYRO: 7285 13807 1782 | GDP=15712.415
FLEX: 2661 2667 2650 2760 2699 | ACC: -10056 9900 10336 | GYRO: 215 501 -863 | GDP=1020.782
FLEX: 2691 2651 2640 2774 2707 | ACC: -9696 9620 9908 | GYRO: 1516 330 270 | GDP=1574.819
