# sentence_label=How are you?
# timestamp=1764326784.9625022
# duration_sec=4.0
# sample_rate_hz=20
# total_samples=76
# format: FLEX: f1 f2 f3 f4 f5 | ACC: ax ay az | GYRO: gx gy gz | GDP=val
#
FLEX: 2675 2687 2559 2779 2559 | ACC: 1128 8176 14396 | GYRO: 682 -17 -41 | GDP=683.443
FLEX: 2675 2701 2559 2753 2559 | ACC: 1108 8068 14424 | GYRO: 629 -18 -40 | GDP=630.528
FLEX: 2672 2704 2601 2747 2619 | ACC: 1096 8184 14372 | GYRO: 640 22 -77 | GDP=644.991
FLEX: 2621 2704 2614 2794 2611 | ACC: 1112 8180 14272 | GYRO: 665 -35 -7 | GDP=665.957
FLEX: 2727 2747 2559 2781 2593 | ACC: 1408 8224 14244 | GYRO: 520 342 -91 | GDP=629.003
FLEX: 2671 2695 2512 2799 2559 | ACC: 1540 8968 14072 | GYRO: -290 1586 -532 | GDP=1697.799
FLEX: 2671 2702 2611 2747 2603 | ACC: 3376 9152 14064 | GYRO: -933 4040 37 | GDP=4146.499
FLEX: 2720 2702 2543 2803 2608 | ACC: 1720 8680 16124 | GYRO: -710 12676 -3813 | GDP=13256.095
FLEX: 2635 2723 2555 2787 2673 | ACC: -3036 8352 17632 | GYRO: 4790 12287 -2704 | GDP=13462.023
FLEX: 2657 2719 2647 2761 2608 | ACC: -4996 9908 17696 | GYRO: 8177 8263 -1636 | GDP=11739.548
FLEX: 2634 2700 2640 2800 2693 | ACC: -7412 9100 17760 | GYRO: 11130 10473 1231 | GDP=15332.188
FLEX: 2544 2688 2629 2733 2638 | ACC: -10332 9932 16324 | GYRO: 16374 4136 5666 | GDP=17813.420
FLEX: 2525 2695 2609 2832 2586 | ACC: -9984 8296 14452 | GYRO: 20844 2827 12096 | GDP=24264.736
FLEX: 2428 2702 2583 2832 2708 | ACC: -9676 11660 9288 | GYRO: 15741 2363 18681 | GDP=24542.668
FLEX: 2448 2716 2653 2811 2726 | ACC: -4500 8424 7464 | GYRO: 13046 175 22715 | GDP=26195.418
FLEX: 2419 2677 2551 2848 2715 | ACC: -596 10092 4356 | GYRO: 10346 1037 23168 | GDP=25394.316
FLEX: 2413 2704 2528 2832 2672 | ACC: 2884 8892 4952 | GYRO: 8596 4978 23077 | GDP=25124.086
FLEX: 2349 2709 2543 2769 2720 | ACC: 6492 9408 3544 | GYRO: 5906 5509 22472 | GDP=23879.293
FLEX: 2416 2686 2530 2822 2747 | ACC: 7388 8744 4888 | GYRO: 5408 6197 20903 | GDP=22462.963
FLEX: 2352 2673 2430 2850 2747 | ACC: 10152 9376 3880 | GYRO: 3523 7517 19502 | GDP=21195.396
FLEX: 2358 2640 2514 2877 2735 | ACC: 14420 8056 4064 | GYRO: 2547 5144 17100 | GDP=18037.682
FLEX: 2351 2691 2486 2899 2640 | ACC: 15920 9668 3760 | GYRO: 238 10606 11704 | GDP=15796.439
FLEX: 2435 2679 2426 2863 2680 | ACC: 32767 7916 -2540 | GYRO: -6942 1911 -2885 | GDP=7756.708
FLEX: 2345 2645 2519 2844 2736 | ACC: 896 12856 13680 | GYRO: -1310 5495 -1779 | GDP=5922.497
FLEX: 2290 2651 2482 2915 2722 | ACC: 11760 10232 9784 | GYRO: 717 686 -1031 | GDP=1430.960
FLEX: 2299 2648 2470 2858 2673 | ACC: 13228 10964 8620 | GYRO: 2686 -2296 -1535 | GDP=3852.588
FLEX: 2304 2688 2376 2826 2699 | ACC: 14496 12684 13708 | GYRO: 5029 -10947 -1887 | GDP=12193.786
FLEX: 2252 2641 2479 2832 2704 | ACC: 19020 12384 10932 | GYRO: 9929 -2081 -10523 | GDP=14616.741
FLEX: 2271 2661 2422 2833 2667 | ACC: 8416 11136 7960 | GYRO: 16049 -3779 -10719 | GDP=19665.914
FLEX: 2298 2615 2451 2851 2695 | ACC: 11320 10888 -408 | GYRO: 16565 -1888 -11416 | GDP=20206.158
FLEX: 2320 2667 2427 2842 2700 | ACC: 8132 11344 -4052 | GYRO: 14158 10265 -16291 | GDP=23900.123
FLEX: 2336 2654 2479 2864 2667 | ACC: 6604 11932 -5296 | GYRO: 8216 8483 -18612 | GDP=22042.469
FLEX: 2302 2657 2415 2863 2622 | ACC: 4276 10804 -3212 | GYRO: 3833 7363 -21073 | GDP=22648.996
FLEX: 2333 2646 2426 2826 2731 | ACC: 4952 12608 -4656 | GYRO: -2832 3413 -22561 | GDP=22992.771
FLEX: 2320 2673 2468 2832 2679 | ACC: 6304 4244 1212 | GYRO: -6028 2144 -32768 | GDP=33386.754
FLEX: 2327 2675 2431 2813 2686 | ACC: 5380 6004 -4488 | GYRO: -16607 3004 -32768 | GDP=36858.625
FLEX: 2339 2669 2441 2790 2634 | ACC: -5728 4488 4836 | GYRO: -17205 -5525 -32768 | GDP=37420.309
FLEX: 2335 2657 2459 2818 2677 | ACC: -21172 -7096 15436 | GYRO: -26932 1543 -32768 | GDP=42443.555
FLEX: 2318 2660 2423 2801 2641 | ACC: -32768 -3764 18652 | GYRO: -2497 -2285 -14836 | GDP=15217.198
FLEX: 2322 2668 2448 2814 2657 | ACC: -25068 2312 10612 | GYRO: 4333 29 939 | GDP=4433.672
FLEX: 2331 2677 2454 2821 2663 | ACC: -19756 4804 8684 | GYRO: 4553 1727 6351 | GDP=8002.971
FLEX: 2356 2658 2428 2823 2653 | ACC: -17260 1976 8892 | GYRO: 5305 2073 9904 | GDP=11424.954
FLEX: 2400 2676 2474 2783 2671 | ACC: -20024 6300 4632 | GYRO: 6826 10111 18340 | GDP=22026.852
FLEX: 2433 2679 2521 2793 2639 | ACC: -17288 3428 8432 | GYRO: 3470 12564 29018 | GDP=31810.994
FLEX: 2476 2690 2551 2786 2594 | ACC: -14936 9528 4964 | GYRO: 7589 -410 32767 | GDP=33636.844
FLEX: 2499 2717 2590 2800 2591 | ACC: -3232 8420 2636 | GYRO: 11193 -6421 32767 | GDP=35216.313
FLEX: 2545 2687 2547 2817 2608 | ACC: 4656 12408 -2744 | GYRO: 6490 -27 24848 | GDP=25681.588
FLEX: 2608 2715 2588 2785 2619 | ACC: 4532 12624 1236 | GYRO: 8374 1489 13306 | GDP=15792.106
FLEX: 2623 2675 2608 2781 2583 | ACC: 6560 13544 -1088 | GYRO: 8807 3486 6926 | GDP=11733.922
FLEX: 2701 2697 2655 2788 2604 | ACC: 7468 16212 -3612 | GYRO: 1789 -2403 -895 | GDP=3126.652
FLEX: 2807 2673 2714 2772 2618 | ACC: 6856 13908 -2116 | GYRO: -3562 914 -7856 | GDP=8674.098
FLEX: 2800 2559 2713 2735 2610 | ACC: 4380 14468 -1416 | GYRO: -11724 -4192 -16933 | GDP=21017.885
FLEX: 2847 2473 2736 2731 2598 | ACC: 156 14508 768 | GYRO: -19965 -3347 -25006 | GDP=32173.027
FLEX: 2832 2449 2766 2759 2617 | ACC: -2668 7976 7360 | GYRO: -16917 -1399 -32768 | GDP=36903.711
FLEX: 2864 2449 2748 2739 2642 | ACC: -13604 6652 5936 | GYRO: -29713 -1596 -32768 | GDP=44262.301
FLEX: 2855 2448 2752 2765 2669 | ACC: -24924 -7328 16764 | GYRO: -13587 9923 -17131 | GDP=24011.324
FLEX: 2881 2464 2739 2770 2640 | ACC: -20456 -340 11324 | GYRO: 9513 -15746 -2369 | GDP=18548.473
FLEX: 2871 2450 2751 2757 2615 | ACC: -10752 3328 7848 | GYRO: 554 1943 3638 | GDP=4161.395
FLEX: 2821 2468 2701 2777 2601 | ACC: -12208 6344 9900 | GYRO: 2891 -2560 2894 | GDP=4825.631
FLEX: 2858 2458 2729 2771 2645 | ACC: -9056 6688 8732 | GYRO: 2635 1074 1275 | GDP=3118.064
FLEX: 2849 2421 2736 2736 2608 | ACC: -11348 7180 9032 | GYRO: 510 -14 265 | GDP=574.910
FLEX: 2849 2480 2738 2764 2624 | ACC: -11660 5676 10184 | GYRO: 450 1395 -1089 | GDP=1826.047
FLEX: 2850 2442 2711 2746 2640 | ACC: -11852 6028 9308 | GYRO: 932 457 -656 | GDP=1227.929
FLEX: 2886 2449 2774 2787 2656 | ACC: -12760 5940 9328 | GYRO: 1112 1320 -498 | GDP=1796.371
FLEX: 2859 2436 2727 2761 2625 | ACC: -12540 5988 9096 | GYRO: 666 954 -131 | GDP=1170.826
FLEX: 2871 2463 2736 2782 2648 | ACC: -12672 6160 9196 | GYRO: 929 -9 46 | GDP=930.182
FLEX: 2855 2434 2711 2775 2643 | ACC: -12400 5860 8968 | GYRO: 589 569 231 | GDP=850.907
FLEX: 2880 2439 2723 2768 2599 | ACC: -12408 6028 9084 | GYRO: 1088 -45 313 | GDP=1133.022
FLEX: 2865 2419 2717 2743 2613 | ACC: -12132 6216 8684 | GYRO: 842 133 76 | GDP=855.821
FLEX: 2846 2458 2721 2777 2640 | ACC: -12036 6024 8800 | GYRO: 193 -284 376 | GDP=509.196
FLEX: 2867 2451 2702 2769 2605 | ACC: -11868 5912 9336 | GYRO: 620 12 -123 | GDP=632.197
FLEX: 2877 2437 2746 2783 2611 | ACC: -11912 5996 9048 | GYRO: 511 -510 291 | GDP=778.397
FLEX: 2861 2425 2704 2778 2607 | ACC: -12144 5980 9352 | GYRO: 853 262 -41 | GDP=893.272
FLEX: 2864 2434 2684 2753 2620 | ACC: -12412 6624 8904 | GYRO: 837 269 627 | GDP=1079.842
FLEX: 2844 2430 2704 2768 2637 | ACC: -11756 5520 9124 | GYRO: 848 644 -524 | GDP=1186.767
FLEX: 2850 2435 2722 2795 2644 | ACC: -12284 6584 8644 | GYRO: 1230 -1392 640 | GDP=1964.730
