# sentence_label=How are you?
# timestamp=1764326676.4697506
# duration_sec=4.0
# sample_rate_hz=20
# total_samples=77
# format: FLEX: f1 f2 f3 f4 f5 | ACC: ax ay az | GYRO: gx gy gz | GDP=val
#
FLEX: 2640 2555 2380 2623 2461 | ACC: 3356 5768 15220 | GYRO: 597 -162 -167 | GDP=640.736
FLEX: 2617 2559 2431 2633 2448 | ACC: -1724 5284 23984 | GYRO: 16507 25076 -7276 | GDP=30890.564
FLEX: 2640 2638 2513 2693 2603 | ACC: -3500 9436 16552 | GYRO: 19716 12170 -3451 | GDP=23425.178
FLEX: 2558 2651 2523 2704 2706 | ACC: -7112 10960 14780 | GYRO: 17917 26056 100 | GDP=31621.891
FLEX: 2543 2715 2521 2762 2693 | ACC: -10748 10784 13904 | GYRO: 18180 14917 7695 | GDP=24743.531
FLEX: 2515 2754 2559 2769 2711 | ACC: -7248 9632 9952 | GYRO: 14694 4730 14345 | GDP=21072.863
FLEX: 2496 2769 2527 2788 2683 | ACC: -4444 11784 6432 | GYRO: 12614 5564 15956 | GDP=21087.082
FLEX: 2487 2773 2606 2769 2739 | ACC: -2424 10048 6736 | GYRO: 9930 2001 17853 | GDP=20526.533
FLEX: 2479 2791 2589 2792 2781 | ACC: -1412 11708 5472 | GYRO: 9269 2282 19194 | GDP=21436.686
FLEX: 2439 2783 2591 2801 2752 | ACC: 2056 10628 4644 | GYRO: 7299 653 20068 | GDP=21364.139
FLEX: 2432 2779 2601 2832 2723 | ACC: 4504 12252 2100 | GYRO: 5883 6297 17708 | GDP=19693.531
FLEX: 2459 2783 2581 2793 2789 | ACC: 4376 9676 5240 | GYRO: 3206 5299 18145 | GDP=19172.867
FLEX: 2432 2799 2535 2809 2752 | ACC: 6140 10536 2776 | GYRO: 2155 10479 17140 | GDP=20204.777
FLEX: 2476 2769 2559 2800 2801 | ACC: 7144 9552 5140 | GYRO: 910 9727 17365 | GDP=19924.504
FLEX: 2430 2794 2559 2800 2769 | ACC: 18004 9544 4276 | GYRO: -429 10958 13208 | GDP=17167.209
FLEX: 2423 2770 2591 2768 2734 | ACC: 29424 9228 7140 | GYRO: -2136 6044 4966 | GDP=8108.858
FLEX: 2448 2786 2582 2775 2710 | ACC: 12440 11208 10780 | GYRO: -3855 4953 -5722 | GDP=8493.204
FLEX: 2427 2803 2546 2818 2759 | ACC: 5284 13304 9356 | GYRO: 2450 -1858 355 | GDP=3095.269
FLEX: 2426 2775 2615 2797 2662 | ACC: 10256 11264 5264 | GYRO: 2274 866 329 | GDP=2455.458
FLEX: 2426 2768 2501 2897 2755 | ACC: 10100 11252 6060 | GYRO: 368 -1110 -4 | GDP=1169.419
FLEX: 2448 2751 2512 2789 2775 | ACC: 9496 12292 7768 | GYRO: 1691 -979 -11 | GDP=1953.981
FLEX: 2414 2811 2559 2823 2774 | ACC: 12268 13536 9216 | GYRO: 3319 -4687 1507 | GDP=5937.573
FLEX: 2384 2793 2528 2821 2731 | ACC: 13828 13324 9936 | GYRO: 7038 -7204 868 | GDP=10108.634
FLEX: 2365 2791 2461 2790 2706 | ACC: 13996 12988 7628 | GYRO: 9525 -8890 -429 | GDP=13036.172
FLEX: 2438 2785 2608 2850 2737 | ACC: 10816 11944 6904 | GYRO: 11744 -9279 -1357 | GDP=15028.733
FLEX: 2399 2624 2595 2810 2733 | ACC: 10872 11924 2604 | GYRO: 12812 -4772 -3701 | GDP=14163.924
FLEX: 2365 2591 2559 2816 2736 | ACC: 9656 11784 -132 | GYRO: 12915 -626 -5567 | GDP=14077.663
FLEX: 2400 2736 2534 2742 2661 | ACC: 9492 12484 -3408 | GYRO: 11668 1945 -7095 | GDP=13793.632
FLEX: 2429 2736 2621 2782 2736 | ACC: 8500 12428 -3928 | GYRO: 6627 5158 -10871 | GDP=13736.839
FLEX: 2401 2685 2546 2753 2704 | ACC: 8672 10680 -4160 | GYRO: 5634 6621 -12264 | GDP=15032.808
FLEX: 2388 2766 2559 2731 2719 | ACC: 7372 11956 -6292 | GYRO: 954 8253 -15896 | GDP=17936.135
FLEX: 2311 2798 2585 2812 2694 | ACC: 4464 10736 -2256 | GYRO: -163 7407 -15434 | GDP=17120.121
FLEX: 2359 2753 2557 2819 2758 | ACC: 5500 12576 -3912 | GYRO: -4057 4170 -18191 | GDP=19098.707
FLEX: 2381 2800 2613 2767 2770 | ACC: 4232 10252 188 | GYRO: -3653 2599 -20160 | GDP=20652.477
FLEX: 2429 2787 2605 2673 2669 | ACC: 4240 11168 -516 | GYRO: -6339 -828 -27196 | GDP=27937.268
FLEX: 2384 2800 2521 2823 2702 | ACC: 1812 3644 4980 | GYRO: -4074 1978 -32768 | GDP=33079.477
FLEX: 2401 2768 2559 2751 2721 | ACC: -6216 12784 316 | GYRO: -11845 -13400 -32768 | GDP=37331.031
FLEX: 2442 2750 2490 2841 2701 | ACC: -15716 596 10480 | GYRO: -6920 -3408 -32768 | GDP=33663.668
FLEX: 2439 2827 2473 2784 2590 | ACC: -32768 456 13096 | GYRO: -10410 3043 -21490 | GDP=24071.727
FLEX: 2419 2747 2559 2809 2705 | ACC: -29500 3516 6888 | GYRO: 4908 -4734 -3778 | GDP=7795.672
FLEX: 2394 2789 2555 2731 2669 | ACC: -21776 6456 5560 | GYRO: 2396 3616 4041 | GDP=5928.402
FLEX: 2477 2755 2515 2832 2675 | ACC: -17456 5808 4840 | GYRO: 3481 -858 5929 | GDP=6928.677
FLEX: 2487 2738 2527 2773 2703 | ACC: -17344 7912 1088 | GYRO: 736 10613 10910 | GDP=15238.293
FLEX: 2486 2700 2559 2753 2682 | ACC: -19732 4756 6772 | GYRO: -2977 121 12890 | GDP=13229.862
FLEX: 2485 2773 2544 2761 2674 | ACC: -15792 8772 2444 | GYRO: -1628 -1179 20469 | GDP=20567.459
FLEX: 2512 2794 2609 2769 2655 | ACC: -12424 9340 6556 | GYRO: -2347 -4017 25165 | GDP=25591.441
FLEX: 2544 2802 2642 2749 2638 | ACC: -7336 9332 3796 | GYRO: -1322 -9224 24169 | GDP=25903.098
FLEX: 2559 2795 2667 2769 2656 | ACC: -3860 11340 4328 | GYRO: 2201 -2654 23177 | GDP=23432.061
FLEX: 2555 2807 2664 2791 2613 | ACC: 724 12956 3140 | GYRO: 4475 -8135 16576 | GDP=18999.148
FLEX: 2605 2780 2714 2791 2622 | ACC: 2800 14092 3680 | GYRO: 4989 1365 13332 | GDP=14300.194
FLEX: 2586 2727 2741 2798 2655 | ACC: 2212 14984 3752 | GYRO: 9039 -4674 6067 | GDP=11847.290
FLEX: 2591 2683 2674 2832 2627 | ACC: 4004 16544 1140 | GYRO: 8754 4993 5568 | GDP=11513.695
FLEX: 2665 2606 2691 2721 2624 | ACC: 2700 16360 768 | GYRO: 2732 -4107 -582 | GDP=4966.890
FLEX: 2737 2543 2707 2801 2651 | ACC: 3764 15948 148 | GYRO: -100 172 -3272 | GDP=3278.043
FLEX: 2773 2460 2692 2775 2601 | ACC: 2264 14932 1204 | GYRO: -2955 640 -6079 | GDP=6789.394
FLEX: 2804 2416 2732 2800 2630 | ACC: -196 14364 2844 | GYRO: -1436 742 -10128 | GDP=10256.171
FLEX: 2787 2419 2698 2755 2640 | ACC: 4 14232 2584 | GYRO: -3313 -4429 -13555 | GDP=14640.015
FLEX: 2820 2394 2749 2727 2641 | ACC: -792 14560 2332 | GYRO: -7631 -183 -18411 | GDP=19930.645
FLEX: 2817 2416 2732 2743 2640 | ACC: -2624 11300 5740 | GYRO: -11292 -5379 -28929 | GDP=31517.139
FLEX: 2886 2389 2731 2786 2625 | ACC: -7352 7448 5132 | GYRO: -17809 10149 -32768 | GDP=38651.063
FLEX: 2840 2375 2746 2726 2635 | ACC: -26616 -1332 13184 | GYRO: -16452 10937 -24573 | GDP=31529.646
FLEX: 2869 2433 2741 2743 2611 | ACC: -23644 1736 11336 | GYRO: 5226 -9695 -556 | GDP=11027.839
FLEX: 2858 2390 2754 2738 2638 | ACC: -13864 7056 5132 | GYRO: 2126 -1383 1721 | GDP=3065.030
FLEX: 2883 2395 2727 2767 2640 | ACC: -13380 7008 7504 | GYRO: 1128 1537 1090 | GDP=2196.100
FLEX: 2849 2355 2749 2737 2657 | ACC: -11344 8084 6544 | GYRO: 1385 -2440 1833 | GDP=3351.375
FLEX: 2841 2415 2736 2737 2624 | ACC: -11812 7348 7428 | GYRO: -114 1613 -518 | GDP=1697.966
FLEX: 2833 2384 2726 2738 2635 | ACC: -12300 7304 7560 | GYRO: 482 -481 -193 | GDP=707.767
FLEX: 2856 2428 2751 2749 2649 | ACC: -12556 7256 7272 | GYRO: 1049 923 -917 | GDP=1671.293
FLEX: 2833 2397 2701 2743 2643 | ACC: -13220 7040 7028 | GYRO: 112 934 -434 | GDP=1035.981
FLEX: 2854 2369 2723 2766 2610 | ACC: -13392 7616 7132 | GYRO: 328 223 -93 | GDP=407.384
FLEX: 2845 2407 2704 2730 2631 | ACC: -12932 6648 7696 | GYRO: -1080 387 797 | GDP=1396.917
FLEX: 2848 2375 2707 2733 2631 | ACC: -13348 7152 7900 | GYRO: 1256 -1159 2 | GDP=1709.041
FLEX: 2830 2393 2699 2752 2638 | ACC: -12412 6908 7152 | GYRO: 351 772 372 | GDP=926.050
FLEX: 2830 2386 2751 2754 2653 | ACC: -12988 7216 7536 | GYRO: 928 -524 12 | GDP=1065.788
FLEX: 2825 2373 2703 2747 2633 | ACC: -12460 6956 7356 | GYRO: 1006 749 117 | GDP=1259.653
FLEX: 2855 2366 2662 2751 2609 | ACC: -12640 7460 7036 | GYRO: 755 -866 -69 | GDP=1150.974
FLEX: 2832 2389 2704 2754 2637 | ACC: -12420 6988 7208 | GYRO: 819 1005 -226 | GDP=1316.002
