# sentence_label=What's up!
# timestamp=1764326394.7419639
# duration_sec=4.0
# sample_rate_hz=20
# total_samples=76
# format: FLEX: f1 f2 f3 f4 f5 | ACC: ax ay az | GYRO: gx gy gz | GDP=val
#
FLEX: 2634 2555 2419 2515 2461 | ACC: -19084 5980 6924 | GYRO: 3101 32767 -4189 | GDP=33178.914
FLEX: 2614 2481 2448 2534 2437 | ACC: -26520 7392 -2660 | GYRO: -432 32767 6000 | GDP=33314.605
FLEX: 2631 2512 2404 2518 2419 | ACC: -27504 2116 -1488 | GYRO: -7063 28291 15200 | GDP=32883.227
FLEX: 2637 2490 2451 2529 2427 | ACC: -15580 5684 -8600 | GYRO: -9815 8540 22368 | GDP=25876.500
FLEX: 2608 2476 2468 2495 2419 | ACC: -12280 5912 -2696 | GYRO: -16037 7674 18652 | GDP=25767.668
FLEX: 2613 2459 2460 2529 2399 | ACC: -7464 8252 -2192 | GYRO: -17118 -2072 18041 | GDP=24955.896
FLEX: 2559 2465 2442 2495 2368 | ACC: -4824 8736 612 | GYRO: -17009 -477 13198 | GDP=21534.178
FLEX: 2559 2473 2410 2501 2373 | ACC: -5796 10848 3060 | GYRO: -17876 -3548 11879 | GDP=21754.318
FLEX: 2358 2231 2181 2267 2154 | ACC: -2380 9940 4552 | GYRO: -18051 -987 8982 | GDP=20186.359
FLEX: 2624 2491 2480 2487 2375 | ACC: -4032 10632 6060 | GYRO: -18811 -279 6523 | GDP=19911.832
FLEX: 2647 2464 2438 2486 2362 | ACC: -3124 9828 7868 | GYRO: -19551 -3357 4104 | GDP=20257.193
FLEX: 2624 2489 2431 2512 2358 | ACC: -4448 9148 9028 | GYRO: -21211 2346 2626 | GDP=21501.305
FLEX: 2583 2480 2475 2525 2372 | ACC: -6204 7748 9804 | GYRO: -22068 -178 4064 | GDP=22439.795
FLEX: 2625 2491 2476 2508 2359 | ACC: -5936 6148 10016 | GYRO: -25346 5858 5120 | GDP=26513.209
FLEX: 2610 2465 2414 2513 2313 | ACC: -7600 4364 11724 | GYRO: -27792 8367 6834 | GDP=29817.871
FLEX: 2587 2480 2428 2481 2320 | ACC: -5248 -112 20804 | GYRO: -22391 4704 3534 | GDP=23151.105
FLEX: 2624 2466 2426 2513 2329 | ACC: -4468 -1464 23044 | GYRO: -10613 5931 1093 | GDP=12206.850
FLEX: 2621 2557 2422 2513 2334 | ACC: -6772 212 21136 | GYRO: 3209 4706 -187 | GDP=5699.042
FLEX: 2607 2512 2435 2483 2325 | ACC: -8496 2684 15092 | GYRO: 378 -1096 -785 | GDP=1400.116
FLEX: 2619 2493 2410 2507 2331 | ACC: -6668 2896 13136 | GYRO: 364 -6 -108 | GDP=379.731
FLEX: 2595 2496 2419 2501 2331 | ACC: -6328 2012 14392 | GYRO: -780 -335 -77 | GDP=852.381
FLEX: 2608 2505 2418 2518 2342 | ACC: -6964 1624 14980 | GYRO: -540 1308 -6 | GDP=1415.097
FLEX: 2559 2496 2409 2498 2338 | ACC: -7892 1092 16412 | GYRO: 166 -840 -791 | GDP=1165.692
FLEX: 2598 2490 2416 2510 2294 | ACC: -7924 1152 16768 | GYRO: 1947 -6 -355 | GDP=1979.108
FLEX: 2595 2459 2418 2470 2329 | ACC: -8584 600 19656 | GYRO: 4367 -5396 -1858 | GDP=7186.075
FLEX: 2592 2489 2416 2487 2320 | ACC: -6452 308 21704 | GYRO: 10024 -8610 -2692 | GDP=13485.530
FLEX: 2559 2455 2452 2498 2306 | ACC: -7236 28 21656 | GYRO: 19674 -7966 -1934 | GDP=21313.465
FLEX: 2624 2496 2405 2481 2337 | ACC: -6368 752 20036 | GYRO: 27349 -10467 -4626 | GDP=29646.682
FLEX: 2591 2466 2381 2435 2304 | ACC: -6432 964 19168 | GYRO: 32767 -12290 -4144 | GDP=35240.504
FLEX: 2592 2493 2411 2487 2303 | ACC: -5232 3548 13736 | GYRO: 32767 -1894 1814 | GDP=32871.781
FLEX: 2605 2468 2416 2471 2283 | ACC: -6984 6108 7156 | GYRO: 32767 -829 2326 | GDP=32859.914
FLEX: 2590 2490 2399 2448 2289 | ACC: -4580 3940 4404 | GYRO: 32767 -8232 6439 | GDP=34393.355
FLEX: 2583 2463 2397 2473 2256 | ACC: -3276 5984 -1948 | GYRO: 32767 -5947 4390 | GDP=33590.402
FLEX: 2596 2419 2415 2474 2261 | ACC: -2112 2772 -10212 | GYRO: 32767 4456 4652 | GDP=33394.211
FLEX: 2614 2451 2369 2448 2235 | ACC: 3272 5068 -24704 | GYRO: 32767 2264 3125 | GDP=32993.449
FLEX: 2598 2451 2402 2459 2288 | ACC: 2116 3520 -25140 | GYRO: 15521 -2414 1123 | GDP=15747.697
FLEX: 2559 2451 2370 2446 2256 | ACC: -2552 5868 -17680 | GYRO: 5674 -6992 582 | GDP=9023.361
FLEX: 2559 2387 2320 2416 2218 | ACC: -1768 7316 -16536 | GYRO: 187 -1234 -912 | GDP=1545.791
FLEX: 2467 2329 2304 2359 2158 | ACC: -2688 8292 -16576 | GYRO: 3986 -1813 -1104 | GDP=4515.969
FLEX: 2443 2410 2290 2384 2159 | ACC: -3308 6872 -15052 | GYRO: 437 -287 -137 | GDP=540.469
FLEX: 2448 2314 2256 2325 2151 | ACC: -1892 8548 -16824 | GYRO: 610 -1291 200 | GDP=1441.798
FLEX: 2292 2159 2096 2176 1985 | ACC: -3692 7028 -13852 | GYRO: -174 -940 -17 | GDP=956.120
FLEX: 2192 2058 2067 2093 1953 | ACC: -2348 8240 -14764 | GYRO: 13 220 717 | GDP=750.105
FLEX: 2495 2352 2333 2342 2208 | ACC: -3036 7420 -13600 | GYRO: 982 -1169 943 | GDP=1794.473
FLEX: 2486 2368 2320 2365 2294 | ACC: -1948 7804 -14448 | GYRO: 419 406 577 | GDP=820.564
FLEX: 2452 2368 2320 2337 2192 | ACC: -1948 7648 -14420 | GYRO: 506 -590 445 | GDP=895.634
FLEX: 2543 2331 2378 2343 2191 | ACC: -1832 8016 -14472 | GYRO: 8 153 -307 | GDP=343.106
FLEX: 2352 2169 2158 2236 2055 | ACC: -2164 7916 -14368 | GYRO: 368 -390 -172 | GDP=563.123
FLEX: 2295 2193 2117 2174 1970 | ACC: -2624 7992 -13980 | GYRO: 285 244 -261 | GDP=457.036
FLEX: 2431 2158 2144 2204 2087 | ACC: -2588 8352 -14572 | GYRO: 575 11 51 | GDP=577.362
FLEX: 2322 2189 2167 2261 2006 | ACC: -2432 7672 -14036 | GYRO: 289 -280 -74 | GDP=409.142
FLEX: 2348 2172 2130 2255 2069 | ACC: -2536 8248 -14500 | GYRO: 386 -257 -152 | GDP=488.005
FLEX: 2366 2233 2160 2224 2064 | ACC: -2644 8012 -13932 | GYRO: 109 43 9 | GDP=117.520
FLEX: 2318 2225 2167 2175 2090 | ACC: -2136 8284 -14400 | GYRO: 455 -312 240 | GDP=601.639
FLEX: 2353 2206 2167 2252 2047 | ACC: -2328 8152 -14032 | GYRO: -139 185 -168 | GDP=285.955
FLEX: 2403 2259 2178 2271 2101 | ACC: -1788 8076 -14380 | GYRO: 108 -347 -320 | GDP=484.224
FLEX: 2372 2235 2215 2208 2061 | ACC: -2540 8216 -14064 | GYRO: 342 226 -751 | GDP=855.594
FLEX: 2415 2198 2223 2149 2093 | ACC: -2652 8284 -14380 | GYRO: 619 -459 -445 | GDP=889.869
FLEX: 2347 2211 2185 2252 2112 | ACC: -2560 8228 -14336 | GYRO: -348 -56 -406 | GDP=537.658
FLEX: 2377 2209 2160 2263 2087 | ACC: -2196 8360 -14708 | GYRO: -451 -834 -285 | GDP=990.041
FLEX: 2391 2236 2101 2271 2073 | ACC: -2992 8628 -13404 | GYRO: -511 -40 -698 | GDP=865.982
FLEX: 2310 2255 2364 2242 2102 | ACC: -2932 8944 -13772 | GYRO: 290 -528 -320 | GDP=682.117
FLEX: 2400 2179 2118 2224 2060 | ACC: -3072 8448 -13388 | GYRO: 320 251 -328 | GDP=522.480
FLEX: 2297 2193 2122 2219 2064 | ACC: -2836 8748 -13840 | GYRO: 745 -293 -287 | GDP=850.437
FLEX: 2384 2256 2176 2199 2091 | ACC: -3072 8500 -13680 | GYRO: 296 -89 -199 | GDP=367.611
FLEX: 2349 2203 2143 2209 2161 | ACC: -2956 8796 -13780 | GYRO: 553 -433 -34 | GDP=703.174
FLEX: 2451 2295 2255 2363 2159 | ACC: -3116 8552 -13616 | GYRO: 207 146 23 | GDP=254.350
FLEX: 2526 2416 2363 2413 2291 | ACC: -2772 8960 -13772 | GYRO: 800 -415 41 | GDP=902.167
FLEX: 2542 2416 2333 2435 2222 | ACC: -3160 8548 -13532 | GYRO: 488 185 -109 | GDP=533.151
FLEX: 2549 2385 2407 2480 2238 | ACC: -2592 8736 -14112 | GYRO: 675 -337 -98 | GDP=760.788
FLEX: 2544 2413 2352 2309 2249 | ACC: -2776 8856 -13940 | GYRO: 178 125 -79 | GDP=231.409
FLEX: 2533 2385 2367 2418 2256 | ACC: -2404 8520 -14348 | GYRO: 366 1049 -977 | GDP=1479.488
FLEX: 2552 2366 2313 2415 2279 | ACC: -3780 8972 -13520 | GYRO: 36 395 -220 | GDP=453.565
FLEX: 2559 2385 2307 2389 2283 | ACC: -2284 8892 -13744 | GYRO: 225 -202 299 | GDP=425.241
FLEX: 2349 2229 2164 2228 2094 | ACC: -3128 8548 -12776 | GYRO: 715 -345 -132 | GDP=804.782
FLEX: 2224 2157 2127 2240 2070 | ACC: -2528 9008 -13616 | GYRO: 703 -462 323 | GDP=901.100
