# sentence_label=How are you?
# timestamp=1764326771.8284533
# duration_sec=4.0
# sample_rate_hz=20
# total_samples=76
# format: FLEX: f1 f2 f3 f4 f5 | ACC: ax ay az | GYRO: gx gy gz | GDP=val
#
FLEX: 2637 2709 2672 2759 2717 | ACC: -3928 10988 13912 | GYRO: 4291 -2416 665 | GDP=4969.101
FLEX: 2593 2716 2663 2793 2709 | ACC: -6084 12644 16336 | GYRO: 7967 -9410 620 | GDP=12345.266
FLEX: 2525 2736 2684 2851 2781 | ACC: -3244 12664 15308 | GYRO: 9406 -5652 2800 | GDP=11325.102
FLEX: 2478 2737 2647 2849 2730 | ACC: -8772 11956 17008 | GYRO: 10586 -5108 4499 | GDP=12585.550
FLEX: 2437 2733 2657 2827 2749 | ACC: -7168 11232 12016 | GYRO: 16511 -7176 11597 | GDP=21414.912
FLEX: 2411 2737 2617 2831 2758 | ACC: -5388 10936 9960 | GYRO: 12219 -7030 15239 | GDP=20759.383
FLEX: 2374 2694 2640 2832 2757 | ACC: -3596 9656 7356 | GYRO: 13664 -8453 17545 | GDP=23790.443
FLEX: 2338 2708 2613 2834 2720 | ACC: 576 11460 3656 | GYRO: 8307 -4346 18554 | GDP=20788.096
FLEX: 2307 2719 2634 2875 2756 | ACC: 1172 8144 5532 | GYRO: 8109 -6855 23081 | GDP=25406.289
FLEX: 2271 2741 2626 2866 2750 | ACC: 5760 9632 3564 | GYRO: 4074 2760 21744 | GDP=22293.869
FLEX: 2273 2730 2613 2778 2736 | ACC: 5708 7744 6632 | GYRO: 1046 3519 21406 | GDP=21718.525
FLEX: 2235 2704 2619 2864 2730 | ACC: 9224 7388 6276 | GYRO: 62 6695 21550 | GDP=22566.111
FLEX: 2265 2748 2559 2881 2762 | ACC: 14672 6864 7080 | GYRO: 1384 10688 15215 | GDP=18645.242
FLEX: 2234 2724 2605 2858 2722 | ACC: 14940 5552 9548 | GYRO: 389 11350 12881 | GDP=17172.477
FLEX: 2282 2754 2612 2901 2741 | ACC: 28652 4628 1988 | GYRO: -4979 1256 2304 | GDP=5628.178
FLEX: 2247 2726 2603 2834 2739 | ACC: 872 7632 15752 | GYRO: 402 12236 -6596 | GDP=13906.420
FLEX: 2271 2738 2619 2802 2726 | ACC: 12900 7600 11572 | GYRO: 67 -622 -1074 | GDP=1242.920
FLEX: 2235 2715 2598 2831 2718 | ACC: 15164 7784 11916 | GYRO: 2527 -402 -3028 | GDP=3964.356
FLEX: 2249 2724 2623 2883 2783 | ACC: 18480 9124 11468 | GYRO: 3482 -5068 -9086 | GDP=10971.068
FLEX: 2288 2740 2602 2835 2710 | ACC: 13616 9448 14400 | GYRO: 9802 3330 -14516 | GDP=17829.256
FLEX: 2258 2723 2627 2819 2721 | ACC: 8520 10208 11548 | GYRO: 14138 -2152 -13626 | GDP=19753.025
FLEX: 2238 2719 2597 2799 2723 | ACC: 7368 10424 5744 | GYRO: 17659 8037 -16499 | GDP=25468.621
FLEX: 2279 2733 2624 2861 2725 | ACC: 3764 11840 3100 | GYRO: 15198 7655 -13693 | GDP=21842.080
FLEX: 2263 2717 2645 2830 2675 | ACC: 4900 10448 -584 | GYRO: 14083 9302 -17295 | GDP=24165.576
FLEX: 2292 2736 2640 2823 2766 | ACC: 5324 12348 -1232 | GYRO: 6767 7285 -12514 | GDP=15983.232
FLEX: 2282 2714 2583 2860 2701 | ACC: 3804 14644 -2828 | GYRO: 4369 5342 -17746 | GDP=19040.631
FLEX: 2324 2737 2614 2832 2720 | ACC: 3608 10636 3852 | GYRO: -1268 6506 -17272 | GDP=18500.213
FLEX: 2294 2662 2608 2831 2671 | ACC: -108 14960 -1088 | GYRO: -3612 2697 -25423 | GDP=25819.553
FLEX: 2288 2736 2614 2825 2704 | ACC: 756 8340 5436 | GYRO: -6955 1022 -28655 | GDP=29504.670
FLEX: 2307 2733 2604 2865 2682 | ACC: -7756 14524 344 | GYRO: -14403 -137 -32768 | GDP=35793.953
FLEX: 2299 2734 2600 2862 2739 | ACC: -8036 2068 8260 | GYRO: -21432 2505 -32768 | GDP=39234.520
FLEX: 2277 2719 2559 2805 2687 | ACC: -23116 -5616 14884 | GYRO: -14065 1963 -22229 | GDP=26378.135
FLEX: 2275 2800 2623 2831 2661 | ACC: -24928 -1692 11676 | GYRO: 1983 -4437 -9182 | GDP=10388.858
FLEX: 2313 2726 2529 2854 2704 | ACC: -17544 132 8144 | GYRO: -32 2503 -1305 | GDP=2822.952
FLEX: 2372 2736 2620 2815 2670 | ACC: -16788 2728 9220 | GYRO: 2854 -2860 1380 | GDP=4269.580
FLEX: 2322 2736 2593 2839 2667 | ACC: -12328 4120 7228 | GYRO: 614 798 1649 | GDP=1932.098
FLEX: 2352 2736 2611 2839 2698 | ACC: -14768 3692 9444 | GYRO: 766 330 2098 | GDP=2257.711
FLEX: 2346 2719 2559 2822 2669 | ACC: -17372 3012 8244 | GYRO: 2290 2928 5583 | GDP=6707.248
FLEX: 2398 2789 2606 2830 2690 | ACC: -20972 756 8324 | GYRO: 182 19464 17838 | GDP=26402.172
FLEX: 2444 2715 2598 2811 2651 | ACC: -25148 5024 10520 | GYRO: 3735 4598 22908 | GDP=23661.535
FLEX: 2487 2729 2613 2822 2619 | ACC: -16588 4856 7944 | GYRO: 8755 -11555 32767 | GDP=35830.773
FLEX: 2499 2749 2643 2785 2637 | ACC: -8448 8172 5080 | GYRO: 10048 -11885 32767 | GDP=36275.223
FLEX: 2595 2739 2624 2753 2620 | ACC: 2144 10140 1620 | GYRO: 13655 -13097 30325 | GDP=35743.477
FLEX: 2555 2707 2617 2787 2624 | ACC: 6776 12308 564 | GYRO: 12315 6303 16219 | GDP=21317.668
FLEX: 2582 2715 2651 2785 2612 | ACC: 5196 14952 -1296 | GYRO: 11132 5165 9848 | GDP=15734.731
FLEX: 2667 2667 2674 2786 2617 | ACC: 8196 16804 -1888 | GYRO: 4289 -10134 193 | GDP=11005.940
FLEX: 2746 2645 2727 2768 2630 | ACC: 6864 12908 -2016 | GYRO: 123 3054 -6962 | GDP=7603.387
FLEX: 2780 2593 2727 2773 2614 | ACC: 2812 14848 -504 | GYRO: -3504 -1915 -17346 | GDP=17799.689
FLEX: 2832 2531 2750 2795 2637 | ACC: -28 13776 760 | GYRO: -11012 -772 -23780 | GDP=26217.332
FLEX: 2829 2446 2761 2768 2614 | ACC: -1500 9452 3132 | GYRO: -24838 -8560 -32768 | GDP=41999.305
FLEX: 2860 2439 2758 2789 2640 | ACC: -13048 5244 7176 | GYRO: -32768 10439 -32768 | GDP=47502.172
FLEX: 2848 2426 2749 2751 2637 | ACC: -23316 -6536 13748 | GYRO: -15240 11506 -11933 | GDP=22517.596
FLEX: 2862 2434 2749 2739 2666 | ACC: -22816 100 10376 | GYRO: 8207 -8980 -1362 | GDP=12241.335
FLEX: 2849 2415 2714 2752 2657 | ACC: -14088 3884 6988 | GYRO: 1556 1696 1781 | GDP=2910.243
FLEX: 2858 2417 2721 2739 2639 | ACC: -14052 6152 8760 | GYRO: 3150 -4711 2172 | GDP=6069.069
FLEX: 2848 2418 2723 2731 2653 | ACC: -10176 6040 7604 | GYRO: 2240 -136 1378 | GDP=2633.435
FLEX: 2859 2411 2736 2768 2636 | ACC: -12568 5972 8480 | GYRO: 1420 -897 129 | GDP=1684.533
FLEX: 2857 2416 2735 2747 2634 | ACC: -12548 6024 8364 | GYRO: 1555 -505 -289 | GDP=1660.292
FLEX: 2875 2401 2747 2768 2643 | ACC: -12516 5760 8176 | GYRO: 1113 -330 -258 | GDP=1189.215
FLEX: 2832 2413 2736 2749 2658 | ACC: -12692 5664 7908 | GYRO: 1463 269 -256 | GDP=1509.393
FLEX: 2849 2432 2731 2764 2649 | ACC: -12916 6148 7928 | GYRO: 417 -767 197 | GDP=894.979
FLEX: 2862 2388 2695 2766 2627 | ACC: -13648 5588 8972 | GYRO: 908 810 -35 | GDP=1217.288
FLEX: 2846 2429 2704 2829 2643 | ACC: -12816 5976 8144 | GYRO: 959 -853 820 | GDP=1523.053
FLEX: 2832 2407 2663 2783 2656 | ACC: -13308 6060 8324 | GYRO: 46 -3 372 | GDP=374.845
FLEX: 2863 2386 2715 2784 2658 | ACC: -12500 5676 8524 | GYRO: 512 -799 708 | GDP=1183.980
FLEX: 2857 2428 2648 2709 2623 | ACC: -12340 6260 8376 | GYRO: 413 -297 525 | GDP=731.029
FLEX: 2854 2406 2721 2799 2608 | ACC: -12368 5968 8796 | GYRO: 401 70 213 | GDP=459.424
FLEX: 2803 2432 2706 2778 2635 | ACC: -12688 6208 8640 | GYRO: 836 -94 324 | GDP=901.503
FLEX: 2847 2374 2721 2762 2680 | ACC: -12552 5888 8468 | GYRO: 838 229 -79 | GDP=872.311
FLEX: 2847 2385 2666 2717 2645 | ACC: -12704 6052 8284 | GYRO: 938 -131 54 | GDP=948.642
FLEX: 2857 2442 2683 2775 2689 | ACC: -12344 6188 8100 | GYRO: 374 495 -15 | GDP=620.585
FLEX: 2863 2384 2751 2749 2605 | ACC: -13412 6236 8632 | GYRO: 834 343 -151 | GDP=914.334
FLEX: 2838 2396 2775 2767 2729 | ACC: -12136 5732 8136 | GYRO: 149 140 377 | GDP=428.871
FLEX: 2819 2413 2682 2714 2669 | ACC: -13144 6272 8540 | GYRO: 825 -92 198 | GDP=853.401
FLEX: 2882 2431 2672 2736 2711 | ACC: -12204 6112 8112 | GYRO: 380 241 82 | GDP=457.389
FLEX: 2871 2415 2691 2798 2592 | ACC: -13228 6184 8672 | GYRO: 513 104 86 | GDP=530.454
