# sentence_label=How are you?
# timestamp=1764326753.1392765
# duration_sec=4.0
# sample_rate_hz=20
# total_samples=77
# format: FLEX: f1 f2 f3 f4 f5 | ACC: ax ay az | GYRO: gx gy gz | GDP=val
#
FLEX: 2639 2682 2477 2688 2544 | ACC: -1048 10888 12880 | GYRO: 364 3481 -1417 | GDP=3775.943
FLEX: 2513 2731 2645 2785 2704 | ACC: -7552 11396 16152 | GYRO: 9815 11250 2161 | GDP=15085.313
FLEX: 2500 2749 2635 2845 2740 | ACC: -9056 11724 14248 | GYRO: 16391 10508 5530 | GDP=20240.154
FLEX: 2458 2743 2613 2813 2709 | ACC: -7488 12196 9804 | GYRO: 15968 7253 9764 | GDP=20072.836
FLEX: 2431 2779 2650 2833 2757 | ACC: -6192 11748 7192 | GYRO: 12999 8265 12044 | GDP=19553.570
FLEX: 2397 2768 2596 2833 2768 | ACC: -5036 13192 4292 | GYRO: 11094 -351 14278 | GDP=18084.836
FLEX: 2379 2786 2597 2837 2766 | ACC: -2676 12172 2968 | GYRO: 11079 -1550 16415 | GDP=19864.516
FLEX: 2368 2786 2559 2815 2758 | ACC: 1824 12976 -1212 | GYRO: 8987 -4732 16990 | GDP=19794.395
FLEX: 2352 2791 2608 2815 2796 | ACC: 656 12736 856 | GYRO: 3919 376 16833 | GDP=17287.273
FLEX: 2320 2766 2607 2836 2751 | ACC: 2588 12772 -780 | GYRO: 2654 -2584 18385 | GDP=18754.439
FLEX: 2316 2768 2559 2847 2748 | ACC: 5564 12300 1072 | GYRO: 689 1763 15696 | GDP=15809.722
FLEX: 2299 2727 2559 2844 2736 | ACC: 7276 12548 1588 | GYRO: 80 1944 16067 | GDP=16184.376
FLEX: 2288 2768 2559 2841 2742 | ACC: 9936 12316 2636 | GYRO: 266 7724 12052 | GDP=14317.180
FLEX: 2283 2747 2559 2813 2725 | ACC: 8080 12944 5608 | GYRO: 180 8348 11435 | GDP=14159.122
FLEX: 2278 2806 2559 2848 2750 | ACC: 9648 11296 4060 | GYRO: 1624 10897 11090 | GDP=15632.341
FLEX: 2268 2763 2591 2848 2746 | ACC: 13604 10544 3412 | GYRO: 1134 9961 9942 | GDP=14119.165
FLEX: 2285 2766 2559 2832 2730 | ACC: 32767 7768 -936 | GYRO: -3947 6089 -1602 | GDP=7431.092
FLEX: 2260 2715 2597 2813 2701 | ACC: 3644 12440 9452 | GYRO: -537 1025 -985 | GDP=1519.611
FLEX: 2266 2722 2589 2835 2757 | ACC: 10892 10388 8956 | GYRO: -163 4759 -846 | GDP=4836.358
FLEX: 2231 2752 2544 2830 2727 | ACC: 11144 11264 6348 | GYRO: 303 -92 172 | GDP=360.357
FLEX: 2249 2736 2558 2814 2704 | ACC: 10320 10524 7308 | GYRO: 1078 172 -157 | GDP=1102.868
FLEX: 2241 2742 2539 2839 2725 | ACC: 11744 11448 6188 | GYRO: 1688 -945 708 | GDP=2060.008
FLEX: 2277 2755 2621 2823 2736 | ACC: 11996 11768 7672 | GYRO: 2908 -2476 2 | GDP=3819.299
FLEX: 2245 2717 2559 2815 2665 | ACC: 14688 12448 8856 | GYRO: 5346 -4460 -250 | GDP=6966.622
FLEX: 2270 2768 2543 2857 2717 | ACC: 16820 11836 8480 | GYRO: 8954 386 -7239 | GDP=11520.688
FLEX: 2288 2735 2527 2815 2677 | ACC: 12212 11668 4624 | GYRO: 12915 2348 -9979 | GDP=16489.111
FLEX: 2305 2751 2559 2822 2700 | ACC: 10360 11820 -656 | GYRO: 11676 5945 -13872 | GDP=19081.520
FLEX: 2287 2736 2595 2818 2702 | ACC: 6900 11800 -2272 | GYRO: 10060 8757 -17103 | GDP=21688.736
FLEX: 2299 2761 2548 2831 2673 | ACC: 4568 12368 -3488 | GYRO: 6283 9571 -18223 | GDP=21521.104
FLEX: 2302 2739 2523 2800 2675 | ACC: 3092 12100 -2188 | GYRO: 2143 1845 -22757 | GDP=22932.020
FLEX: 2301 2711 2594 2800 2710 | ACC: 4024 11860 -1052 | GYRO: -4187 3637 -21708 | GDP=22405.268
FLEX: 2334 2731 2543 2823 2640 | ACC: 336 11272 1952 | GYRO: -6791 60 -27357 | GDP=28187.350
FLEX: 2349 2739 2559 2832 2682 | ACC: -1372 8420 3492 | GYRO: -7869 2148 -28413 | GDP=29560.678
FLEX: 2358 2769 2522 2807 2656 | ACC: -1752 9928 1996 | GYRO: -12422 -9622 -32768 | GDP=36340.484
FLEX: 2344 2733 2559 2814 2673 | ACC: -7972 7952 -960 | GYRO: -19184 9023 -32768 | GDP=39027.969
FLEX: 2310 2750 2559 2763 2643 | ACC: -27432 -10620 19344 | GYRO: -24976 8488 -28775 | GDP=39036.488
FLEX: 2311 2752 2541 2789 2672 | ACC: -32768 -1256 12288 | GYRO: 7828 -14419 -6923 | GDP=17807.670
FLEX: 2306 2765 2528 2751 2673 | ACC: -19244 3144 8212 | GYRO: 2128 67 -286 | GDP=2148.178
FLEX: 2289 2738 2559 2797 2673 | ACC: -16380 5160 6872 | GYRO: 2725 -2290 3506 | GDP=4996.174
FLEX: 2321 2750 2541 2816 2630 | ACC: -15376 3504 8480 | GYRO: 2530 656 2093 | GDP=3348.415
FLEX: 2349 2767 2559 2816 2686 | ACC: -18392 3764 8044 | GYRO: 3075 1496 6897 | GDP=7698.198
FLEX: 2372 2720 2555 2781 2665 | ACC: -16948 3696 8180 | GYRO: 6611 1005 9362 | GDP=11504.885
FLEX: 2416 2744 2559 2796 2677 | ACC: -18088 6728 4504 | GYRO: 4222 17255 23951 | GDP=29819.637
FLEX: 2425 2723 2586 2783 2644 | ACC: -19652 6556 8708 | GYRO: 8642 6907 25490 | GDP=27787.244
FLEX: 2480 2743 2736 2841 2683 | ACC: -15040 7148 5700 | GYRO: 4176 -4331 32767 | GDP=33314.754
FLEX: 2506 2747 2705 2847 2678 | ACC: 676 12224 -292 | GYRO: -712 -9622 27980 | GDP=29596.795
FLEX: 2545 2799 2726 2823 2659 | ACC: -1852 11756 5856 | GYRO: 1568 7324 21306 | GDP=22584.182
FLEX: 2550 2775 2721 2770 2640 | ACC: 1736 13156 2852 | GYRO: 7407 -3340 17082 | GDP=18915.971
FLEX: 2631 2786 2703 2822 2661 | ACC: 4408 13256 2620 | GYRO: 13748 5902 11728 | GDP=19010.184
FLEX: 2640 2758 2698 2799 2630 | ACC: 3732 16020 -680 | GYRO: 7557 -1241 1731 | GDP=7851.413
FLEX: 2704 2767 2690 2822 2640 | ACC: 3880 16096 -60 | GYRO: 3299 522 1955 | GDP=3870.130
FLEX: 2709 2702 2688 2800 2635 | ACC: 4324 15096 -940 | GYRO: -1047 -1661 -3834 | GDP=4307.515
FLEX: 2759 2636 2720 2769 2640 | ACC: 3440 13916 -296 | GYRO: 192 -215 -7994 | GDP=7999.195
FLEX: 2789 2550 2747 2800 2645 | ACC: 2112 17164 -2428 | GYRO: -8258 -4015 -14181 | GDP=16894.246
FLEX: 2794 2438 2763 2768 2637 | ACC: 52 9608 3236 | GYRO: -17712 -1515 -21791 | GDP=28122.195
FLEX: 2820 2442 2754 2787 2640 | ACC: -2856 12592 5960 | GYRO: -8195 -13698 -32768 | GDP=36449.074
FLEX: 2861 2419 2730 2768 2640 | ACC: -4580 6940 1452 | GYRO: -30870 5961 -32768 | GDP=45411.809
FLEX: 2844 2425 2739 2768 2614 | ACC: -32020 -848 15792 | GYRO: -17542 19034 -21441 | GDP=33611.477
FLEX: 2864 2412 2743 2787 2675 | ACC: -17732 -1216 10400 | GYRO: 3114 -15330 -3740 | GDP=16083.951
FLEX: 2859 2416 2736 2789 2653 | ACC: -15900 5400 7848 | GYRO: 1359 964 -308 | GDP=1694.415
FLEX: 2884 2423 2731 2801 2619 | ACC: -14352 4196 9316 | GYRO: 1551 -218 934 | GDP=1823.590
FLEX: 2871 2414 2720 2770 2639 | ACC: -12268 6880 7936 | GYRO: 3111 -3491 1395 | GDP=4879.695
FLEX: 2869 2407 2751 2775 2664 | ACC: -12576 6148 8736 | GYRO: 811 654 297 | GDP=1083.349
FLEX: 2853 2417 2768 2768 2635 | ACC: -12576 6872 8464 | GYRO: 1563 -1217 918 | GDP=2183.296
FLEX: 2851 2427 2736 2787 2658 | ACC: -12392 6468 8472 | GYRO: 1171 -45 -245 | GDP=1197.201
FLEX: 2863 2397 2731 2797 2657 | ACC: -11900 6624 7796 | GYRO: 1402 -902 196 | GDP=1678.578
FLEX: 2865 2398 2719 2771 2656 | ACC: -12920 6612 8364 | GYRO: 1163 1053 -255 | GDP=1589.466
FLEX: 2880 2402 2721 2741 2626 | ACC: -12316 6436 8128 | GYRO: 540 -508 -10 | GDP=741.461
FLEX: 2886 2416 2762 2800 2666 | ACC: -13352 6540 8592 | GYRO: 592 302 409 | GDP=780.352
FLEX: 2850 2401 2742 2751 2639 | ACC: -12160 6440 8380 | GYRO: 643 -748 403 | GDP=1065.534
FLEX: 2851 2415 2729 2766 2666 | ACC: -12448 6532 8404 | GYRO: 304 -4 488 | GDP=574.957
FLEX: 2848 2419 2710 2783 2654 | ACC: -12204 6544 8488 | GYRO: 392 -316 316 | GDP=594.454
FLEX: 2827 2411 2736 2809 2635 | ACC: -12340 6696 8736 | GYRO: 525 -362 85 | GDP=643.346
FLEX: 2865 2409 2724 2768 2650 | ACC: -12272 6388 8560 | GYRO: 711 -145 73 | GDP=729.298
FLEX: 2869 2403 2725 2801 2640 | ACC: -12096 6568 8516 | GYRO: 723 -654 322 | GDP=1026.708
FLEX: 2861 2397 2698 2788 2643 | ACC: -11972 6708 8528 | GYRO: 685 167 -283 | GDP=759.739
FLEX: 2878 2386 2736 2783 2651 | ACC: -11940 6484 8412 | GYRO: 677 -16 11 | GDP=677.278
