# sentence_label=See you later
# timestamp=1764327307.7860532
# duration_sec=4.0
# sample_rate_hz=20
# total_samples=76
# format: FLEX: f1 f2 f3 f4 f5 | ACC: ax ay az | GYRO: gx gy gz | GDP=val
#
FLEX: 2615 2552 2423 2647 2537 | ACC: -10812 5772 10892 | GYRO: 738 3110 -1974 | GDP=3756.783
FLEX: 2611 2559 2408 2688 2559 | ACC: -10356 5972 10276 | GYRO: 230 6661 -2505 | GDP=7120.171
FLEX: 2601 2592 2451 2688 2601 | ACC: -11600 5028 10156 | GYRO: 1432 6959 -3943 | GDP=8125.611
FLEX: 2597 2583 2426 2667 2590 | ACC: -13572 4696 8960 | GYRO: 2652 6129 -3320 | GDP=7457.892
FLEX: 2630 2549 2443 2668 2591 | ACC: -13752 4880 8292 | GYRO: 703 1315 -281 | GDP=1517.365
FLEX: 2607 2592 2450 2679 2559 | ACC: -13328 5396 8336 | GYRO: 78 -1887 401 | GDP=1930.713
FLEX: 2629 2559 2444 2674 2588 | ACC: -12432 5152 9016 | GYRO: 86 -2394 26 | GDP=2395.685
FLEX: 2618 2590 2458 2686 2559 | ACC: -12308 5124 9344 | GYRO: 18 -1741 -242 | GDP=1757.831
FLEX: 2559 2546 2425 2666 2557 | ACC: -12140 4816 9548 | GYRO: 152 -848 -869 | GDP=1223.670
FLEX: 2621 2550 2448 2678 2559 | ACC: -11812 4708 9584 | GYRO: 490 1227 -736 | GDP=1512.391
FLEX: 2590 2559 2424 2661 2589 | ACC: -12560 5016 9632 | GYRO: 2479 6639 -2138 | GDP=7402.216
FLEX: 2611 2601 2462 2677 2608 | ACC: -14380 2684 4880 | GYRO: 2708 23869 780 | GDP=24034.783
FLEX: 2614 2559 2432 2692 2678 | ACC: -23800 6000 884 | GYRO: 1042 32767 8288 | GDP=33814.984
FLEX: 2608 2591 2439 2710 2682 | ACC: -25212 5108 1008 | GYRO: -2268 26363 12080 | GDP=29087.420
FLEX: 2589 2583 2441 2703 2672 | ACC: -19008 7000 -2272 | GYRO: -6332 10521 13955 | GDP=18588.375
FLEX: 2559 2511 2416 2704 2682 | ACC: -15848 6504 -3020 | GYRO: -7231 18311 16328 | GDP=25577.016
FLEX: 2514 2522 2364 2690 2677 | ACC: -12884 8844 -3440 | GYRO: -8944 6358 15428 | GDP=18932.578
FLEX: 2537 2507 2311 2693 2701 | ACC: -9168 8568 -2452 | GYRO: -13800 9858 16653 | GDP=23768.521
FLEX: 2502 2483 2256 2722 2721 | ACC: -9052 10504 228 | GYRO: -10723 5686 13829 | GDP=18399.852
FLEX: 2499 2483 2236 2726 2700 | ACC: -5392 10548 124 | GYRO: -11064 -474 13406 | GDP=17388.434
FLEX: 2467 2471 2222 2715 2736 | ACC: -5120 11924 2784 | GYRO: -7057 -464 10485 | GDP=12647.204
FLEX: 2506 2495 2228 2720 2687 | ACC: -3016 13468 3372 | GYRO: -4977 268 8442 | GDP=9803.556
FLEX: 2458 2443 2226 2709 2689 | ACC: -3224 14888 2416 | GYRO: -2413 -405 6827 | GDP=7252.208
FLEX: 2466 2459 2241 2715 2691 | ACC: -3988 14416 3156 | GYRO: -1371 2040 6880 | GDP=7305.863
FLEX: 2480 2443 2207 2683 2694 | ACC: -1124 15800 1320 | GYRO: -3616 -4238 5167 | GDP=7598.289
FLEX: 2455 2442 2215 2704 2722 | ACC: -328 13648 10604 | GYRO: -3420 -1097 2311 | GDP=4270.894
FLEX: 2465 2449 2176 2704 2699 | ACC: 344 16336 6640 | GYRO: 3385 -2897 608 | GDP=4496.721
FLEX: 2480 2439 2210 2727 2702 | ACC: -3436 15108 2568 | GYRO: 6302 1903 -2747 | GDP=7133.206
FLEX: 2449 2454 2193 2722 2687 | ACC: -7964 16768 -3572 | GYRO: 2899 3602 -685 | GDP=4674.166
FLEX: 2485 2395 2224 2717 2691 | ACC: -6152 16168 -2168 | GYRO: -3312 -1272 3402 | GDP=4915.377
FLEX: 2446 2416 2218 2692 2691 | ACC: -1296 15472 5388 | GYRO: -3545 -2551 3262 | GDP=5451.171
FLEX: 2455 2448 2214 2701 2693 | ACC: 856 16760 6248 | GYRO: 2814 -1370 326 | GDP=3146.708
FLEX: 2441 2405 2206 2697 2706 | ACC: -2616 15288 2412 | GYRO: 5625 2171 -1852 | GDP=6307.438
FLEX: 2485 2443 2228 2719 2734 | ACC: -7704 16484 -4076 | GYRO: 2209 1401 -301 | GDP=2633.075
FLEX: 2457 2423 2185 2699 2663 | ACC: -3976 15252 -2316 | GYRO: -4653 -1405 3827 | GDP=6186.305
FLEX: 2495 2445 2223 2699 2683 | ACC: 1488 14712 8936 | GYRO: -1285 -6582 2311 | GDP=7093.283
FLEX: 2479 2432 2220 2672 2699 | ACC: 1008 15588 5556 | GYRO: 2248 4343 -1951 | GDP=5265.126
FLEX: 2458 2439 2230 2701 2690 | ACC: -5820 15492 356 | GYRO: 6324 997 -2916 | GDP=7034.916
FLEX: 2473 2416 2212 2706 2688 | ACC: -8012 16784 -3180 | GYRO: -554 2413 1552 | GDP=2922.018
FLEX: 2473 2444 2246 2719 2705 | ACC: -1792 15788 1548 | GYRO: -3997 -4620 3683 | GDP=7133.365
FLEX: 2448 2425 2224 2703 2681 | ACC: 3664 16412 6636 | GYRO: 1239 -2201 1011 | GDP=2720.596
FLEX: 2490 2436 2230 2705 2714 | ACC: -1612 15112 3156 | GYRO: 5148 2162 -3579 | GDP=6632.148
FLEX: 2458 2418 2214 2715 2688 | ACC: -7956 16496 -4312 | GYRO: 1720 1591 -1039 | GDP=2563.045
FLEX: 2469 2448 2247 2753 2696 | ACC: -4872 16104 -1740 | GYRO: -4814 -1517 4253 | GDP=6600.295
FLEX: 2480 2429 2240 2679 2673 | ACC: 2928 15160 9236 | GYRO: 1041 -9622 3020 | GDP=10138.391
FLEX: 2465 2423 2222 2719 2705 | ACC: -2236 15512 2672 | GYRO: 1716 2163 -968 | GDP=2925.790
FLEX: 2469 2438 2222 2688 2673 | ACC: -7912 16488 -232 | GYRO: 236 -4052 2550 | GDP=4793.422
FLEX: 2479 2422 2226 2718 2695 | ACC: -1356 16280 4492 | GYRO: 1408 -9129 5166 | GDP=10583.414
FLEX: 2461 2412 2239 2704 2682 | ACC: 1164 16428 1724 | GYRO: 1303 -9319 4351 | GDP=10366.907
FLEX: 2478 2483 2171 2639 2693 | ACC: 1552 16820 2192 | GYRO: 1197 -8358 3496 | GDP=9138.435
FLEX: 2461 2427 2243 2690 2655 | ACC: -60 17212 4292 | GYRO: 3314 -10149 4034 | GDP=11413.061
FLEX: 2479 2439 2291 2702 2654 | ACC: 3224 17096 2180 | GYRO: 9168 -22758 6004 | GDP=25259.191
FLEX: 2459 2458 2314 2704 2675 | ACC: 3792 16512 -1168 | GYRO: 9250 -12429 3338 | GDP=15848.811
FLEX: 2480 2466 2415 2719 2697 | ACC: 4292 17904 -3296 | GYRO: 3856 -14008 1510 | GDP=14607.289
FLEX: 2448 2461 2481 2709 2679 | ACC: 5364 16428 -3168 | GYRO: 643 -12434 -3996 | GDP=13076.155
FLEX: 2387 2473 2559 2724 2643 | ACC: 4248 16804 -4140 | GYRO: -6103 -16760 -9689 | GDP=20298.299
FLEX: 2461 2480 2605 2684 2656 | ACC: 3080 13432 -1332 | GYRO: -13368 -18647 -12012 | GDP=25897.920
FLEX: 2474 2559 2638 2735 2642 | ACC: -436 14716 8 | GYRO: -14161 -18305 -14666 | GDP=27398.877
FLEX: 2436 2507 2643 2723 2651 | ACC: -8 11796 2296 | GYRO: -21527 -16074 -14897 | GDP=30719.795
FLEX: 2466 2509 2661 2705 2663 | ACC: -2648 12048 4888 | GYRO: -26473 -25961 -16372 | GDP=40531.910
FLEX: 2415 2484 2634 2747 2670 | ACC: -1268 11088 5988 | GYRO: -30066 -17561 -17691 | GDP=39055.406
FLEX: 2412 2499 2585 2739 2678 | ACC: 1776 4604 5972 | GYRO: -32768 -32292 -19377 | GDP=49919.766
FLEX: 2292 2498 2640 2741 2661 | ACC: -980 -6180 21108 | GYRO: -32768 -24899 -16196 | GDP=44226.828
FLEX: 2336 2443 2645 2737 2665 | ACC: 2052 -9212 24140 | GYRO: -7969 -4224 -9557 | GDP=13140.905
FLEX: 2329 2451 2654 2781 2665 | ACC: 3104 -5576 17316 | GYRO: -578 -3039 -2435 | GDP=3936.855
FLEX: 2317 2446 2640 2751 2666 | ACC: -384 -3516 19072 | GYRO: 832 1920 68 | GDP=2093.621
FLEX: 2339 2441 2619 2758 2669 | ACC: 444 -800 17060 | GYRO: 1238 1766 766 | GDP=2288.702
FLEX: 2338 2463 2625 2755 2674 | ACC: 552 -328 17640 | GYRO: 1322 885 889 | GDP=1822.424
FLEX: 2320 2416 2624 2726 2638 | ACC: 764 -60 16704 | GYRO: 1425 -710 142 | GDP=1598.402
FLEX: 2331 2466 2607 2754 2675 | ACC: 1092 60 16372 | GYRO: 694 2 440 | GDP=821.730
FLEX: 2317 2459 2617 2743 2651 | ACC: 720 28 16644 | GYRO: 876 54 279 | GDP=920.941
FLEX: 2336 2462 2655 2736 2625 | ACC: 864 -96 15996 | GYRO: 83 -313 422 | GDP=531.923
FLEX: 2337 2461 2622 2738 2650 | ACC: 820 -428 16788 | GYRO: 365 -656 -73 | GDP=754.248
FLEX: 2357 2447 2615 2770 2658 | ACC: 1028 -116 16592 | GYRO: 416 384 311 | GDP=645.936
FLEX: 2337 2465 2634 2741 2657 | ACC: 1008 -180 16772 | GYRO: 826 60 107 | GDP=835.060
FLEX: 2383 2455 2614 2768 2631 | ACC: 1252 -28 16356 | GYRO: 893 312 263 | GDP=981.816
