# sentence_label=How can I help you?
# timestamp=1764327519.0692654
# duration_sec=4.0
# sample_rate_hz=20
# total_samples=76
# format: FLEX: f1 f2 f3 f4 f5 | ACC: ax ay az | GYRO: gx gy gz | GDP=val
#
FLEX: 2655 2559 2509 2758 2543 | ACC: 2232 7204 14456 | GYRO: 140 1423 -793 | GDP=1635.047
FLEX: 2672 2588 2484 2779 2544 | ACC: 1344 7096 14744 | GYRO: -349 3063 -1344 | GDP=3363.050
FLEX: 2687 2555 2497 2798 2533 | ACC: 932 7428 14980 | GYRO: -828 2486 -1123 | GDP=2850.773
FLEX: 2682 2559 2541 2783 2555 | ACC: 1000 7184 14692 | GYRO: -1369 3709 -1085 | GDP=4099.764
FLEX: 2677 2597 2511 2794 2618 | ACC: 1008 6980 14572 | GYRO: -2074 4941 -930 | GDP=5438.737
FLEX: 2674 2634 2581 2815 2673 | ACC: 484 6360 14824 | GYRO: -3834 7514 -1916 | GDP=8650.480
FLEX: 2672 2611 2549 2844 2709 | ACC: -860 5752 15260 | GYRO: -4132 9744 -1841 | GDP=10742.822
FLEX: 2671 2672 2585 2814 2733 | ACC: -5208 5508 16888 | GYRO: -3771 9050 -1169 | GDP=9873.677
FLEX: 2706 2639 2587 2778 2841 | ACC: 512 4684 15120 | GYRO: -2692 11816 -603 | GDP=12133.769
FLEX: 2691 2691 2599 2800 2818 | ACC: -5352 5740 11144 | GYRO: -1792 32767 -1756 | GDP=32862.914
FLEX: 2703 2723 2625 2762 2743 | ACC: -14836 3304 13272 | GYRO: 1815 32767 121 | GDP=32817.449
FLEX: 2756 2765 2672 2793 2747 | ACC: -20448 4732 8416 | GYRO: 2578 32767 3155 | GDP=33019.336
FLEX: 2599 2741 2607 2802 2751 | ACC: -24228 6444 1136 | GYRO: -8359 32767 10386 | GDP=35375.391
FLEX: 2531 2742 2644 2815 2767 | ACC: -22220 4076 3100 | GYRO: -9503 15441 15125 | GDP=23611.377
FLEX: 2502 2720 2612 2788 2800 | ACC: -19500 6120 1176 | GYRO: -9626 8549 18510 | GDP=22546.959
FLEX: 2509 2713 2610 2835 2777 | ACC: -14868 6084 -1468 | GYRO: -11570 5243 17281 | GDP=21447.305
FLEX: 2470 2684 2597 2829 2782 | ACC: -13608 7396 972 | GYRO: -15650 1102 17702 | GDP=23653.705
FLEX: 2493 2697 2590 2835 2787 | ACC: -10068 8444 372 | GYRO: -16800 -1376 15672 | GDP=23016.189
FLEX: 2463 2705 2534 2810 2755 | ACC: -8796 8200 3804 | GYRO: -17574 2863 13296 | GDP=22222.193
FLEX: 2449 2710 2608 2800 2797 | ACC: -8104 7744 4040 | GYRO: -19290 -2791 11793 | GDP=22780.883
FLEX: 2463 2711 2535 2810 2774 | ACC: -4604 6952 5396 | GYRO: -19336 24 8716 | GDP=21209.670
FLEX: 2473 2736 2544 2804 2767 | ACC: -5544 4992 9108 | GYRO: -21473 628 5695 | GDP=22224.246
FLEX: 2439 2723 2528 2783 2742 | ACC: -3472 3928 9604 | GYRO: -19664 2739 2639 | GDP=20028.463
FLEX: 2447 2721 2551 2769 2729 | ACC: -3900 1144 12760 | GYRO: -16962 6176 489 | GDP=18058.006
FLEX: 2432 2735 2535 2769 2707 | ACC: -4460 1676 12788 | GYRO: -14071 5724 -764 | GDP=15209.896
FLEX: 2452 2709 2539 2784 2746 | ACC: -7176 1336 13408 | GYRO: -8877 8574 -3999 | GDP=12973.304
FLEX: 2435 2722 2499 2807 2721 | ACC: -7352 -32 14576 | GYRO: -6183 7091 -5525 | GDP=10910.426
FLEX: 2430 2705 2547 2765 2787 | ACC: -11140 2284 16896 | GYRO: 832 2227 -1385 | GDP=2751.359
FLEX: 2453 2699 2509 2769 2681 | ACC: -11116 4084 14132 | GYRO: 4663 5900 1257 | GDP=7624.541
FLEX: 2439 2703 2523 2763 2724 | ACC: -13512 5412 12232 | GYRO: 502 793 374 | GDP=1010.311
FLEX: 2446 2708 2487 2767 2721 | ACC: -12444 4076 14724 | GYRO: -720 -2785 1611 | GDP=3296.960
FLEX: 2461 2725 2528 2746 2738 | ACC: -12592 5292 14800 | GYRO: -103 -4468 2274 | GDP=5014.450
FLEX: 2447 2679 2510 2748 2704 | ACC: -12404 4896 15432 | GYRO: -1360 -5654 3253 | GDP=6663.282
FLEX: 2428 2702 2522 2736 2763 | ACC: -10316 4752 15908 | GYRO: -1352 -10153 4066 | GDP=11020.148
FLEX: 2468 2697 2500 2759 2694 | ACC: -6456 3784 16864 | GYRO: -810 -10999 4606 | GDP=11951.959
FLEX: 2439 2720 2530 2758 2735 | ACC: -2000 3252 16396 | GYRO: 931 -5153 3330 | GDP=6205.567
FLEX: 2416 2705 2472 2800 2706 | ACC: -152 1852 16992 | GYRO: 1812 269 973 | GDP=2074.231
FLEX: 2448 2723 2521 2784 2717 | ACC: -2020 1776 15180 | GYRO: 6107 6346 -1302 | GDP=8902.941
FLEX: 2431 2673 2503 2783 2718 | ACC: -2552 1616 12844 | GYRO: 8859 11570 -3344 | GDP=14950.891
FLEX: 2446 2676 2539 2757 2704 | ACC: -3344 2956 8536 | GYRO: 10904 13861 -4784 | GDP=18273.236
FLEX: 2416 2677 2518 2766 2745 | ACC: -4744 2480 7356 | GYRO: 13892 16481 -6899 | GDP=22631.994
FLEX: 2403 2704 2500 2807 2702 | ACC: -7332 3148 3568 | GYRO: 15057 15427 -9972 | GDP=23751.766
FLEX: 2385 2710 2537 2800 2703 | ACC: -16924 3996 -2800 | GYRO: 14929 15997 -9618 | GDP=23901.568
FLEX: 2368 2685 2516 2762 2719 | ACC: -22316 6188 -3988 | GYRO: 9541 8436 -5536 | GDP=13886.831
FLEX: 2417 2704 2511 2761 2705 | ACC: -21748 8020 -1480 | GYRO: 4071 3342 -1483 | GDP=5471.864
FLEX: 2416 2701 2534 2778 2704 | ACC: -18052 8056 3380 | GYRO: 1194 -3761 270 | GDP=3955.206
FLEX: 2448 2693 2496 2737 2703 | ACC: -15744 7652 5400 | GYRO: 2128 -1493 134 | GDP=2602.958
FLEX: 2389 2704 2538 2745 2743 | ACC: -15852 7240 4556 | GYRO: 1746 -2376 -115 | GDP=2950.782
FLEX: 2402 2689 2493 2756 2681 | ACC: -14564 6348 4564 | GYRO: 1055 -2927 250 | GDP=3121.354
FLEX: 2429 2710 2511 2773 2671 | ACC: -15328 6344 5080 | GYRO: 1933 -2258 1719 | GDP=3433.659
FLEX: 2383 2672 2512 2747 2720 | ACC: -14708 6600 6812 | GYRO: 91 -6458 -29 | GDP=6458.706
FLEX: 2397 2694 2510 2797 2734 | ACC: -12248 6292 10244 | GYRO: 820 -5797 -1816 | GDP=6129.883
FLEX: 2404 2695 2496 2766 2737 | ACC: -12912 5984 8552 | GYRO: 6954 -8756 -3703 | GDP=11778.703
FLEX: 2433 2718 2475 2760 2790 | ACC: -11208 5568 7844 | GYRO: 8293 -8070 -6995 | GDP=13521.420
FLEX: 2391 2659 2465 2779 2677 | ACC: -11428 4864 5896 | GYRO: 19884 -7365 -11778 | GDP=24255.680
FLEX: 2393 2705 2490 2765 2714 | ACC: -14280 6108 5808 | GYRO: 5084 -6341 -5129 | GDP=9610.514
FLEX: 2414 2677 2491 2775 2718 | ACC: -16032 5832 6188 | GYRO: -29 -5084 -1647 | GDP=5344.203
FLEX: 2432 2687 2507 2646 2719 | ACC: -15728 5528 1592 | GYRO: -9702 -9483 1309 | GDP=13629.731
FLEX: 2402 2691 2527 2753 2723 | ACC: -22712 3624 3116 | GYRO: -19439 2710 14423 | GDP=24356.555
FLEX: 2429 2720 2544 2761 2736 | ACC: -16976 4572 2856 | GYRO: -20911 -32768 5584 | GDP=39270.762
FLEX: 2412 2683 2528 2726 2731 | ACC: -4700 1044 14604 | GYRO: -15129 -32768 1553 | GDP=36125.340
FLEX: 2420 2727 2500 2754 2770 | ACC: 17556 -1572 15588 | GYRO: 799 -32768 6550 | GDP=33425.781
FLEX: 2384 2687 2534 2736 2749 | ACC: 11124 -3000 21760 | GYRO: 15909 -13477 1081 | GDP=20878.084
FLEX: 2415 2694 2466 2817 2738 | ACC: 21120 -1584 10624 | GYRO: 15305 10359 -7974 | GDP=20128.004
FLEX: 2373 2690 2505 2772 2737 | ACC: 9412 5940 504 | GYRO: 17891 32767 -21148 | GDP=42906.902
FLEX: 2329 2709 2481 2759 2757 | ACC: -14520 5496 -5868 | GYRO: -8632 32767 -26559 | GDP=43053.086
FLEX: 2304 2704 2537 2763 2717 | ACC: -32768 492 19460 | GYRO: -11013 21673 -307 | GDP=24312.535
FLEX: 2303 2718 2544 2778 2718 | ACC: -29656 4228 5044 | GYRO: -4125 -32768 11746 | GDP=35053.188
FLEX: 2334 2693 2495 2800 2713 | ACC: -15320 3204 12044 | GYRO: 5405 -32768 12207 | GDP=35383.141
FLEX: 2328 2735 2524 2756 2768 | ACC: 31996 1448 2676 | GYRO: 3899 -32768 7095 | GDP=33753.266
FLEX: 2335 2672 2498 2723 2751 | ACC: 8520 5516 16248 | GYRO: 23065 32767 -16327 | GDP=43269.406
FLEX: 2332 2689 2545 2768 2786 | ACC: 2016 7384 396 | GYRO: 6486 32767 -22141 | GDP=40074.535
FLEX: 2297 2689 2486 2782 2762 | ACC: -32768 6936 13900 | GYRO: -2582 25661 -12512 | GDP=28665.377
FLEX: 2275 2623 2480 2765 2752 | ACC: -22652 7976 1212 | GYRO: -1855 -32768 10802 | GDP=34552.367
FLEX: 2316 2693 2491 2741 2707 | ACC: -13040 4192 7756 | GYRO: 3107 -32768 23162 | GDP=40247.652
FLEX: 2361 2704 2499 2769 2759 | ACC: 11100 5972 5880 | GYRO: -4344 -32768 24670 | GDP=41245.859
